31271.824168 -155703.184760
31279.069506 -155229.434704
31300.334598 -155196.650543
31343.446386 -155164.053350
31415.310786 -155163.986222
31525.482878 -155156.170324
31566.720647 -155110.921006
31602.305377 -155100.706698
31634.528833 -155094.096225
31664.621232 -155093.088095
31697.295152 -155090.751007
31740.760921 -155062.206561
31781.954845 -155059.764259
31811.981963 -155059.764198
31846.942153 -155059.186394
31891.126708 -155059.186311
31936.302206 -155059.186243
32006.274557 -155059.186179
32133.097140 -155059.186179
