20418.395051 -156958.654131
20425.570561 -156742.872451
20446.023082 -156719.146342
20489.437582 -156608.656208
20562.474239 -156078.263637
20662.508023 -156034.195976
20669.742752 -156024.982796
20709.696722 -155539.660260
20743.210917 -155421.065156
20778.973335 -155409.157331
20811.011712 -155401.300269
20842.141688 -155134.560725
20865.771988 -155102.166267
20884.342805 -155100.643392
20907.819440 -155098.749008
20934.983269 -155097.447245
20952.094091 -155097.233255
20973.669056 -155093.916674
21016.647974 -155061.253857
21059.559833 -155058.711966
21095.242744 -155057.676930
21125.800315 -155057.676928
21161.787756 -155057.676927
21241.760110 -155057.676927
21367.244923 -155057.676927
