27806.221178 -156340.430553
27813.488170 -155953.317514
27834.897442 -155950.410045
27880.482893 -155574.857654
27959.416896 -155396.715488
28069.261675 -155277.924418
28074.152478 -155269.303852
28112.925041 -155133.962824
28150.124600 -155122.194696
28182.474291 -155117.701027
28208.122045 -155116.938579
28232.413298 -155116.883291
28253.943003 -155113.796898
28296.833339 -155065.578889
28337.208475 -155063.082097
28367.155323 -155063.082034
28402.798653 -155063.081971
28482.114228 -155063.081910
28602.609021 -155063.081910
