48151.532118 -155727.193703
48158.790599 -155455.336451
48179.838798 -155261.533725
48225.201111 -155240.439886
48302.418194 -155230.947288
48412.297368 -155172.704167
48417.417103 -155168.000967
48458.257138 -155118.557967
48497.582202 -155109.551138
48531.912259 -155101.962300
48562.508195 -155099.759790
48591.520089 -155097.563744
48624.806561 -155092.506008
48667.394547 -155050.345517
48708.525944 -155047.676045
48744.307862 -155046.691862
48774.513136 -155046.691861
48809.302912 -155046.691861
48889.579051 -155046.691861
49011.228161 -155046.691861
