68982.963139 -156362.160765
68990.162470 -156196.744050
69010.502301 -155824.846015
69056.053547 -155688.075633
69132.135822 -155685.807235
69238.895625 -155632.071072
69246.176386 -155623.302666
69287.197664 -155127.151612
69325.835484 -155121.263549
69359.334934 -155120.140319
69389.712901 -155119.368812
69419.628422 -155118.621539
69439.195063 -155118.479139
69460.510243 -155115.443100
69503.085917 -155079.149478
69544.654299 -155076.442500
69580.092752 -155075.606639
69609.492435 -155075.606578
69644.120226 -155075.606517
69723.265867 -155075.606457
69846.417367 -155075.606457
