13524.158475 -155660.435022
13531.397779 -155272.622454
13551.480443 -155192.290729
13592.493956 -155178.036484
13666.124158 -155173.364322
13702.960391 -155119.345655
13738.751507 -155114.690765
13769.138276 -155114.586080
13797.620778 -155114.161182
13825.364445 -155114.046666
13852.978655 -155114.011554
13885.963928 -155109.478893
13928.708458 -155069.323793
13969.556741 -155067.044741
14005.132161 -155066.066413
14042.539130 -155063.378011
14073.123450 -155063.377943
14113.094579 -155061.043696
14168.814015 -155057.480825
14207.216632 -155057.450887
14240.651029 -155057.450823
14276.035406 -155057.450805
14354.295108 -155057.450802
14475.508256 -155057.450802
