49913.541352 -155522.082933
49920.831345 -155210.593186
49941.774312 -155188.289507
49986.407245 -155171.800560
50066.918440 -155166.945673
50104.561075 -155107.742510
50136.244753 -155100.612291
50168.125563 -155096.642549
50198.331345 -155090.504683
50227.169130 -155089.007948
50259.785596 -155083.574814
50302.730600 -155057.987375
50341.095685 -155056.892096
50379.884977 -155055.537213
50410.993181 -155055.537211
50445.078029 -155055.537211
50526.136698 -155055.537211
50647.295575 -155055.537211
