89234.109843 -155768.135332
89241.368450 -155434.991633
89262.272048 -155343.187265
89306.263381 -155251.938699
89379.759347 -155199.006209
89486.265926 -155157.544468
89492.388488 -155149.755775
89539.492984 -155102.626595
89573.463610 -155097.432164
89603.898431 -155091.042593
89622.907442 -155089.872390
89639.506826 -155089.730188
89660.088390 -155087.290247
89703.808102 -155064.484150
89743.059834 -155063.075250
89774.740403 -155062.835140
89813.234382 -155061.410784
89843.328665 -155060.811995
89875.858218 -155058.999939
89905.199404 -155058.999877
89939.961275 -155058.379580
89983.661379 -155058.379518
90028.048701 -155058.379456
90098.090673 -155058.379395
90225.591790 -155058.379395
