84912.312094 -155544.158973
84919.639882 -155299.429727
84940.476628 -155230.077347
84982.640609 -155220.967988
85058.871808 -155213.142055
85093.452851 -155169.694655
85129.159620 -155163.813943
85154.428726 -155159.718609
85172.814770 -155159.254352
85190.117479 -155159.120056
85207.744669 -155158.325497
85228.384056 -155155.727466
85270.975733 -155131.069862
85308.225722 -155130.238661
85338.061405 -155130.238597
85371.462750 -155130.238533
85448.106953 -155130.238469
85567.389090 -155130.238469
