79035.403719 -155582.825646
79042.775196 -155213.837255
79063.370029 -155178.143018
79106.139334 -155148.387793
79182.051026 -155143.517369
79219.382805 -155096.449310
79253.710553 -155084.272590
79282.726973 -155079.853036
79307.102042 -155078.718194
79333.386751 -155074.777324
79354.996949 -155073.656877
79377.699324 -155068.252164
79420.337442 -155049.764520
79450.152244 -155049.764503
79483.594886 -155049.668962
79539.164437 -155046.112908
79575.210763 -155046.112900
79611.822249 -155046.112892
79688.534928 -155046.112885
79812.138843 -155046.112885
