75365.995491 -156282.633792
75373.292591 -156024.848077
75394.083405 -155870.030084
75437.035200 -155540.082296
75508.327328 -155337.282141
75613.281700 -155277.606078
75620.560269 -155269.862986
75663.000516 -155202.855071
75698.511845 -155154.271859
75734.290221 -155144.227648
75765.366946 -155142.158122
75794.966424 -155137.799945
75823.772293 -155137.680814
75842.837140 -155137.354682
75864.540572 -155135.121154
75907.483555 -155079.525508
75956.600040 -155073.977044
75986.676039 -155073.977020
76021.293617 -155073.976999
76107.343179 -155073.976979
76233.486724 -155073.976979
