85598.665246 -155527.366060
85605.960610 -155243.065515
85626.489787 -155177.135982
85667.560300 -155167.576549
85735.348753 -155167.479195
85840.036688 -155159.933724
85879.816444 -155113.933457
85913.799186 -155090.695112
85945.772157 -155083.876035
85976.050694 -155083.477007
86009.277070 -155081.299220
86052.384471 -155060.545264
86091.773890 -155058.964825
86127.603088 -155058.220822
86158.850200 -155058.220821
86194.124468 -155057.717963
86250.486447 -155054.788036
86289.822008 -155054.523512
86329.852582 -155052.493493
86362.272431 -155052.493491
86396.319833 -155052.493490
86475.105672 -155052.493490
86593.874760 -155052.493490
