28632.888082 -155999.786472
28640.311666 -155550.904359
28660.924769 -155199.650526
28705.248456 -155157.390964
28788.137392 -155148.720961
28826.319389 -155099.891886
28862.416449 -155088.285476
28895.301918 -155085.885280
28925.166481 -155085.836865
28958.385991 -155083.648309
29000.818319 -155067.448778
29035.778864 -155066.279605
29067.580225 -155065.263943
29102.977124 -155063.884924
29133.620707 -155063.884911
29167.238002 -155063.884900
29252.057190 -155063.884891
29377.700127 -155063.884891
