35894.230019 -155690.980239
35901.562323 -155307.671805
35922.473144 -155282.910268
35963.788603 -155260.393284
36034.502628 -155238.196167
36139.033086 -155153.172788
36144.161487 -155148.235894
36184.299956 -155094.626351
36224.011674 -155088.043401
36257.779075 -155086.533339
36289.062181 -155083.500379
36318.143944 -155083.274571
36351.486481 -155078.114771
36393.989298 -155058.283573
36430.944692 -155057.082642
36461.572191 -155057.082625
36495.470986 -155057.082617
36577.939397 -155057.082613
36704.619385 -155057.082613
