62508.738417 -156277.896985
62516.273004 -155732.923896
62536.614618 -155653.563481
62578.693403 -155609.225954
62648.859254 -155605.138115
62750.030639 -155587.738788
62757.305346 -155579.386874
62800.912208 -155551.025528
62839.294965 -155540.046413
62868.720035 -155120.815067
62901.197941 -155103.573683
62930.970313 -155097.803875
62957.299074 -155097.113519
62973.879698 -155096.880541
62999.908471 -155095.493387
63026.891299 -155092.503652
63048.512598 -155089.783272
63090.695892 -155066.349148
63127.341520 -155065.498982
63158.936361 -155065.017560
63189.895682 -155065.017494
63226.169404 -155065.017429
63309.335273 -155065.017364
63435.768968 -155065.017364
