73362.835137 -155693.033092
73370.066782 -155463.756524
73391.417507 -155449.427854
73436.326800 -155415.039759
73514.171507 -155414.667013
73631.966155 -155407.018591
73673.232859 -155315.352334
73707.911914 -155107.985995
73742.042409 -155095.810486
73771.367662 -155094.997548
73799.328908 -155094.890315
73817.117268 -155094.861147
73838.364585 -155092.276327
73881.562211 -155082.450951
73923.088243 -155068.090679
73963.920744 -155065.529367
74005.040449 -155062.529447
74048.793440 -155055.272399
74088.038626 -155055.027826
74118.939971 -155054.906345
74148.743427 -155054.906309
74182.113679 -155054.906279
74259.928465 -155054.906252
74381.372107 -155054.906252
