65262.393182 -156009.487375
65269.625127 -155672.361969
65290.107780 -155453.118188
65330.844680 -155326.847927
65397.624161 -155294.555808
65495.567578 -155262.589098
65502.407396 -155233.896381
65542.456657 -155098.584759
65578.904547 -155080.158813
65604.258488 -155078.862707
65622.566031 -155078.085186
65638.964800 -155077.832480
65658.476808 -155077.486872
65675.376447 -155077.321267
65692.269065 -155077.153633
65713.566856 -155072.761087
65753.507608 -155055.961849
65792.426012 -155055.155297
65827.363395 -155055.078644
65856.887833 -155055.078637
65890.112012 -155054.526242
65945.319355 -155051.397856
65983.516730 -155051.059390
66023.152555 -155049.019733
66053.866990 -155049.019724
66087.127227 -155049.019717
66165.146831 -155049.019709
66282.045744 -155049.019709
