39337.817385 -155584.863687
39345.123056 -155334.623291
39366.655360 -155230.561601
39413.093757 -155176.205314
39491.325589 -155156.146116
39600.741838 -155146.650058
39608.052060 -155137.880070
39652.394649 -155116.597673
39691.267796 -155109.223700
39721.690473 -155094.911990
39756.083813 -155092.519579
39801.611440 -155081.224284
39842.950713 -155079.963902
39880.657183 -155077.428249
39910.829679 -155077.428233
39945.821232 -155077.428226
40032.103031 -155077.428223
40158.559169 -155077.428223
