15464.727088 -155881.789128
15471.969649 -155569.877292
15491.912330 -155347.033352
15533.914301 -155282.662538
15603.008033 -155225.025353
15704.493079 -155149.370407
15712.247969 -155141.860985
15755.430210 -155111.233100
15793.692199 -155102.676656
15826.475545 -155102.199407
15856.300393 -155102.157480
15885.186002 -155102.135637
15916.304002 -155099.669209
15958.711612 -155058.461180
15999.600358 -155056.664433
16029.740545 -155055.891706
16058.998088 -155055.891701
16093.029680 -155055.891699
16174.428428 -155055.891697
16295.712583 -155055.891697
