29412.838589 -157933.257201
29420.003175 -157543.848086
29441.048277 -156905.683560
29483.877844 -156692.324817
29559.681245 -156261.002648
29663.297578 -155790.334401
29670.547953 -155781.357645
29710.343036 -155391.940366
29747.456300 -155307.342437
29777.109407 -155274.484931
29805.252203 -155096.514423
29834.486470 -155085.186190
29862.710916 -155083.627824
29886.601304 -155082.133150
29903.046053 -155082.111411
29924.698804 -155079.401320
29968.280736 -155059.282878
30007.924890 -155057.343410
30039.155513 -155057.343394
30072.822681 -155057.343380
30156.434917 -155057.343369
30282.933291 -155057.343369
