9134.884326 -157129.166647
9142.180106 -156926.586372
9163.048581 -156863.429582
9206.349399 -156801.008668
9277.655477 -156753.885455
9379.631671 -156023.816554
9386.900531 -156013.240229
9425.073528 -155184.597653
9459.442107 -155095.517937
9490.580882 -155088.102138
9517.897832 -155086.209408
9538.318429 -155083.404207
9562.882031 -155082.518814
9584.226826 -155082.494456
9607.454129 -155078.282150
9652.058034 -155060.523253
9695.669874 -155059.148333
9739.221297 -155057.096437
9781.821057 -155057.085034
9823.758355 -155057.073667
9906.787898 -155057.073667
10032.421575 -155057.073667
