18015.547229 -155640.308998
18022.884741 -155356.320175
18043.892083 -155256.618452
18088.045683 -155210.572464
18169.876436 -155202.707232
18208.737075 -155128.205954
18244.062298 -155102.516267
18275.572301 -155098.414750
18305.660776 -155094.536612
18334.149926 -155094.402514
18355.737956 -155091.670170
18400.353323 -155065.234117
18440.834502 -155062.153651
18472.289188 -155061.320260
18503.441264 -155059.254676
18539.278949 -155056.351453
18570.739312 -155056.254398
18602.299799 -155056.227572
18633.850443 -155055.741697
18665.157707 -155055.741697
18699.493050 -155055.247873
18754.916732 -155052.343771
18793.562878 -155052.104549
18833.945670 -155050.276696
18866.196970 -155050.276694
18900.401756 -155050.276693
18979.186854 -155050.276693
19100.482703 -155050.276693
