80695.696617 -156598.804776
80702.767945 -156336.213331
80722.854840 -156199.578549
80764.753561 -156101.183651
80836.775054 -156000.360744
80935.487996 -155961.940247
80942.758706 -155951.947625
80982.253260 -155670.838566
81014.587548 -155470.663028
81044.718664 -155096.759160
81075.960638 -155088.240260
81105.637297 -155086.928103
81131.522463 -155086.743964
81149.064832 -155086.568920
81170.878589 -155083.040273
81212.697790 -155049.699021
81251.437823 -155046.485057
81290.649769 -155043.495230
81321.425547 -155043.282716
81357.132796 -155041.497511
81390.437860 -155040.978037
81420.646507 -155040.978029
81454.562786 -155040.978022
81534.989788 -155040.978015
81656.447573 -155040.978015
