76264.698436 -155674.761544
76271.953138 -155366.910597
76292.909665 -155304.712813
76335.218215 -155250.630609
76405.682742 -155188.638489
76513.908014 -155179.825993
76554.548751 -155118.288641
76592.607640 -155105.175346
76626.132744 -155099.546838
76656.583287 -155097.195893
76686.071013 -155093.925145
76712.221637 -155093.805178
76729.003256 -155093.789881
76750.445407 -155091.083310
76793.412369 -155057.328584
76829.788207 -155054.717294
76860.818365 -155054.505372
76894.630634 -155052.744886
76925.693692 -155052.744869
76959.819209 -155052.744857
77037.498494 -155052.744846
77155.489174 -155052.744846
