74412.567601 -156184.140739
74419.756227 -155876.112249
74441.034080 -155815.580552
74485.023554 -155788.945108
74562.740333 -155731.840038
74673.460204 -155536.669967
74680.754409 -155528.915113
74719.566051 -155187.783814
74752.026144 -155116.985586
74782.669180 -155102.556408
74814.125282 -155095.888123
74843.608476 -155095.573024
74871.239369 -155095.495648
74894.652686 -155090.613241
74913.134839 -155090.499877
74934.884674 -155087.714835
74981.105344 -155059.740714
75020.908254 -155059.496854
75052.519151 -155059.376859
75082.897993 -155059.376847
75117.951314 -155059.376842
75204.675689 -155059.376839
75330.326952 -155059.376839
