24231.650173 -155463.432028
24239.018552 -155228.549030
24259.700226 -155183.939025
24303.254144 -155154.712611
24382.170184 -155149.790274
24421.251649 -155125.786578
24456.424221 -155116.696429
24486.765149 -155116.456284
24514.568247 -155113.227240
24542.278735 -155113.204265
24567.977771 -155113.188135
24589.933997 -155108.329155
24633.568105 -155090.519254
24672.318012 -155089.413334
24702.123544 -155089.413325
24737.856320 -155089.413316
24817.999435 -155089.413308
24942.525913 -155089.413308
