36736.882108 -156150.344157
36744.118161 -155436.611773
36764.652422 -155317.571638
36806.111713 -155234.489256
36875.581204 -155157.207155
36981.468665 -155149.532276
37021.071435 -155110.720197
37058.175192 -155098.518543
37088.293764 -155094.806113
37118.316139 -155084.962417
37146.350830 -155083.275563
37174.520427 -155081.049308
37217.541393 -155056.462670
37258.275620 -155054.731306
37293.730592 -155053.721903
37324.544304 -155053.721834
37359.468920 -155053.721767
37438.576124 -155053.721699
37559.653865 -155053.721699
