86623.748716 -156003.327331
86630.953921 -155706.694358
86651.474108 -155571.381285
86700.541816 -155566.554926
86734.938947 -155409.911855
86766.681848 -155174.204741
86796.064590 -155087.625176
86824.429559 -155085.967053
86851.436578 -155085.777570
86876.413737 -155085.606070
86898.431340 -155080.175135
86941.277745 -155062.783348
86982.475175 -155060.027350
87018.235057 -155058.341445
87048.051702 -155058.341440
87082.220688 -155058.341438
87159.985306 -155058.341437
87277.772133 -155058.341437
