46150.078823 -156375.054329
46157.362722 -156080.243274
46178.416835 -155916.687019
46221.902320 -155273.274594
46296.451808 -155230.551479
46405.223231 -155182.728369
46412.517375 -155173.719978
46451.438646 -155111.984471
46491.064922 -155092.939978
46524.521917 -155091.576052
46554.476411 -155091.484557
46587.500586 -155088.855632
46630.856196 -155049.350818
46671.769776 -155047.329032
46702.054912 -155047.329030
46737.186719 -155047.329029
46818.577099 -155047.329029
46939.112481 -155047.329029
