60197.403798 -156002.383370
60204.613578 -155685.826949
60225.782391 -155581.270661
60270.568966 -155409.512620
60352.413778 -155401.504488
60391.466568 -155232.039414
60428.285103 -155225.812273
60457.664517 -155131.126969
60486.555466 -155082.204646
60515.664882 -155078.842060
60541.524905 -155078.521794
60557.891998 -155078.369910
60579.378460 -155073.583198
60621.634916 -155045.844786
60659.971360 -155043.121605
60690.307435 -155043.069213
60720.859115 -155043.069211
60756.695465 -155043.069211
60841.235239 -155043.069210
60969.303309 -155043.069210
