43542.485846 -155592.357786
43549.638185 -155298.691116
43569.684587 -155261.600712
43611.584198 -155173.617678
43689.993028 -155165.583213
43727.439050 -155143.457588
43762.684895 -155138.380919
43794.005537 -155136.648469
43822.828813 -155136.458613
43851.596839 -155132.366741
43876.682660 -155132.057040
43895.758551 -155129.471527
43938.613234 -155074.846354
43977.847083 -155072.561726
44013.337684 -155070.336540
44041.187640 -155070.336539
44075.255079 -155070.336538
44153.324126 -155070.336538
44269.789816 -155070.336538
