33032.944430 -155576.227821
33040.298039 -155321.903616
33060.930872 -155183.828124
33103.551390 -155167.382199
33181.925003 -155159.505944
33219.914454 -155114.056283
33253.062480 -155105.588765
33285.028626 -155099.019169
33318.484886 -155096.562064
33364.767974 -155063.733545
33406.440384 -155063.279049
33442.226974 -155062.546843
33475.176464 -155062.510110
33505.262126 -155062.510094
33543.776675 -155059.671156
33602.092999 -155059.011128
33648.217836 -155058.773570
33682.110391 -155058.653296
33713.595425 -155058.653277
33747.138774 -155058.653265
33826.643724 -155058.653256
33943.549966 -155058.653256
