19132.366507 -156211.189244
19139.530765 -155899.768300
19164.447654 -155891.394310
19191.587522 -155836.496830
19217.512144 -155783.460254
19242.700480 -155711.531613
19268.552350 -155381.488851
19293.779000 -155312.308101
19319.167355 -155257.163504
19342.765571 -155239.257423
19365.091370 -155227.886158
19376.526290 -155227.861146
19392.936150 -155224.764016
19436.854492 -155201.290072
19475.416944 -155199.055228
19509.106749 -155193.865749
19540.685102 -155193.847669
19572.012011 -155193.351059
19602.934539 -155193.351059
19638.251457 -155172.976848
19694.392118 -155165.086567
19731.362820 -155165.072820
19764.732486 -155165.072809
19800.278967 -155165.072799
19883.434835 -155165.072791
20008.948284 -155124.107835
20068.975652 -155066.921309
20111.972956 -155060.596296
20146.296595 -155060.596291
20182.345074 -155060.596289
20264.489486 -155060.596288
20388.615674 -155060.596288
