22264.512907 -156142.444788
22271.622623 -155863.701711
22291.919483 -155835.956363
22334.340935 -155667.661517
22405.819688 -155467.566215
22508.848250 -155406.598336
22516.120766 -155398.384253
22554.521034 -155173.380470
22589.025435 -155140.244231
22619.546301 -155114.308351
22647.530161 -155084.234329
22678.162899 -155079.981193
22703.783161 -155079.850678
22721.251146 -155079.809901
22738.566312 -155079.788825
22763.270227 -155076.423944
22806.063753 -155058.182970
22845.047513 -155056.929844
22876.621883 -155056.907677
22908.233643 -155056.799432
22939.902490 -155056.799429
22974.458308 -155055.992096
23029.526511 -155052.917811
23074.888664 -155049.293456
23108.690739 -155049.293435
23143.936111 -155049.293426
23224.999199 -155049.293420
23351.754100 -155049.293420
