51461.954820 -156258.213613
51469.163597 -155854.570581
51489.959662 -155563.207557
51532.893890 -155286.461098
51606.927250 -155170.270615
51719.664810 -155161.915602
51757.346468 -155109.631758
51798.397207 -155095.180703
51831.236104 -155091.735847
51861.169640 -155091.313069
51894.119170 -155088.854754
51936.966415 -155067.253865
51973.046716 -155065.889156
52006.498967 -155065.657374
52038.076723 -155064.559744
52071.346234 -155061.663686
52102.968246 -155061.351035
52141.896194 -155059.424820
52172.675132 -155059.424810
52209.207658 -155059.424806
52293.455228 -155059.424803
52426.261242 -155059.424803
