33973.763479 -157429.950603
33981.070404 -156922.746548
34002.459699 -156883.149648
34050.738200 -156825.402771
34129.183987 -156543.497547
34239.222568 -155959.468535
34246.524663 -155950.346246
34287.679149 -155498.455446
34321.475964 -155198.113666
34352.221906 -155144.138359
34385.288694 -155131.902517
34414.747937 -155131.334738
34442.475284 -155119.881335
34467.244879 -155103.701425
34491.572502 -155085.273763
34519.105395 -155082.105595
34539.562669 -155081.073920
34561.471227 -155077.276109
34603.875706 -155060.230758
34643.073473 -155057.978113
34678.522841 -155056.801605
34708.842006 -155056.801602
34743.260620 -155056.801600
34824.771152 -155056.801598
34947.504781 -155056.801598
