30.771296 -156538.403109
37.901001 -156144.181215
58.192198 -156070.569783
101.974617 -155950.102936
174.313184 -155949.394148
284.008112 -155941.728871
322.599979 -155693.014540
355.233304 -155606.699684
388.560293 -155593.908296
419.693009 -155500.115377
447.521264 -155242.399614
476.460931 -155096.480498
506.308956 -155092.091340
535.648114 -155080.070426
564.353815 -155079.616424
597.423149 -155076.128656
642.535593 -155048.336408
686.282760 -155046.596843
729.427146 -155046.469599
772.380565 -155046.464569
815.291445 -155046.458801
907.901099 -155046.452187
1034.508529 -155046.452187
