10063.584393 -156152.615040
10070.809139 -155580.191371
10092.230321 -155545.857576
10137.549501 -155537.672517
10212.054059 -155178.178059
10315.892806 -155148.048060
10323.288664 -155138.944904
10368.895763 -155094.735392
10409.412537 -155084.761069
10443.559907 -155081.777360
10474.762526 -155078.807466
10507.986721 -155076.226273
10550.627556 -155060.618189
10589.894864 -155058.723184
10625.334588 -155057.774968
10655.756143 -155057.774928
10690.015872 -155057.774901
10770.256781 -155057.774883
10889.079153 -155057.774883
