45198.294259 -156818.171379
45205.247779 -156435.062021
45225.760278 -156203.028713
45269.022277 -156063.822491
45340.375225 -155813.414225
45442.092885 -155690.417881
45449.339549 -155681.911642
45489.340959 -155465.317717
45521.561798 -155108.460630
45555.393090 -155093.906385
45586.665159 -155090.094883
45620.209208 -155086.581470
45663.331447 -155068.001856
45695.014653 -155067.835429
45726.051508 -155066.772475
45756.534914 -155066.235639
45786.746077 -155066.235638
45824.542409 -155064.521398
45868.795395 -155064.521395
45913.953539 -155064.521393
45988.345555 -155064.521393
46117.738837 -155064.521393
