21398.725989 -155657.986292
21405.935558 -155388.931514
21426.404860 -155227.002139
21469.282915 -155193.552858
21541.220104 -155172.276794
21651.847768 -155164.188913
21691.533251 -155124.531502
21724.171926 -155103.888584
21758.202029 -155098.000323
21788.440071 -155095.933043
21817.549484 -155095.420113
21848.473409 -155092.910691
21892.034112 -155070.244740
21932.924052 -155068.904390
21968.095246 -155067.966639
21997.870194 -155067.966631
22031.485509 -155067.966624
22111.984641 -155067.966618
22233.588956 -155067.966618
