30312.231071 -156966.305899
30319.528380 -156502.496444
30340.341064 -156436.623081
30387.179669 -156322.775467
30465.406233 -156311.900253
30572.133842 -156087.843519
30579.456849 -156078.974594
30621.216363 -155688.932332
30652.963286 -155637.764165
30683.376192 -155629.110110
30707.669555 -155619.112703
30734.695035 -155586.004441
30759.690977 -155480.794398
30784.623418 -155092.337729
30812.461870 -155084.203099
30834.728832 -155083.997339
30857.642461 -155078.466963
30899.763965 -155052.964584
30941.168324 -155050.606665
30975.971560 -155049.621155
31004.604124 -155049.621154
31039.787693 -155049.621154
31120.189752 -155049.621154
31240.393327 -155049.621154
