68156.153921 -155681.310695
68163.406543 -155330.753546
68183.701003 -155273.237905
68226.028544 -155263.452282
68297.192867 -155213.973820
68399.548235 -155212.678977
68406.802294 -155204.427915
68448.133477 -155139.963943
68483.128876 -155107.141775
68515.722111 -155082.577276
68546.862506 -155078.352738
68573.155116 -155078.093892
68590.598335 -155078.057338
68614.368067 -155074.433990
68656.885981 -155056.135773
68689.001877 -155056.090383
68719.532505 -155056.090320
68754.773158 -155056.090258
68833.130246 -155056.090196
68953.183439 -155056.090196
