87309.195537 -155867.314566
87316.520014 -155566.489483
87337.737165 -155481.763928
87381.387678 -155478.170983
87453.001226 -155452.896557
87557.307238 -155437.159859
87564.594229 -155429.369929
87605.141843 -155397.878547
87644.803729 -155377.101467
87673.795458 -155104.848736
87701.737888 -155093.596586
87731.852065 -155092.121868
87758.283369 -155091.567821
87778.535977 -155088.957241
87823.975816 -155063.050825
87866.017186 -155059.659035
87902.189989 -155057.770290
87934.211568 -155057.540147
87971.415641 -155055.508258
88002.317100 -155055.508252
88037.513377 -155055.508249
88119.953169 -155055.508248
88240.957336 -155055.508248
