63468.704233 -155941.723329
63475.869770 -155677.260841
63495.983678 -155522.117363
63537.023392 -155473.599163
63606.006614 -155447.462832
63706.581221 -155387.012756
63714.021218 -155379.458605
63755.817101 -155129.571588
63795.611096 -155115.113482
63828.986952 -155105.764829
63860.285056 -155103.056325
63893.646861 -155100.449297
63937.173183 -155057.406300
63977.600440 -155056.895946
64009.876014 -155052.972433
64040.172514 -155052.972428
64074.249979 -155052.972425
64154.892247 -155052.972423
64275.226985 -155052.972423
