46973.172806 -156504.700436
46980.395324 -156222.893775
47000.980676 -156197.569863
47046.408631 -156130.764308
47122.303286 -156041.220877
47228.763707 -156018.263060
47233.895052 -156013.525086
47274.850209 -155896.418442
47307.339472 -155578.676650
47337.180814 -155184.783731
47368.872191 -155163.339309
47396.632973 -155144.308833
47426.691846 -155139.701733
47455.064819 -155139.552589
47479.362021 -155133.752441
47525.408933 -155107.075772
47569.847809 -155102.713841
47613.085684 -155102.708016
47656.460361 -155079.206040
47712.143991 -155060.887689
47751.133502 -155060.821429
47784.587669 -155060.821425
47823.479734 -155060.224737
47868.296663 -155060.224731
47913.818973 -155060.224728
47988.435136 -155060.224726
48121.872692 -155060.224726
