14507.163445 -155751.536812
14514.487821 -155395.573413
14535.865128 -155361.822288
14579.994381 -155341.926329
14656.113113 -155334.132052
14763.849480 -155193.026304
14771.160781 -155181.556784
14809.611353 -155133.447047
14849.195459 -155110.717899
14882.250435 -155108.972888
14912.129608 -155108.514932
14941.615638 -155106.966669
14967.563841 -155104.750412
14984.322352 -155104.681497
15002.475287 -155102.637543
15027.628668 -155092.051235
15044.976269 -155091.809460
15066.250978 -155090.958838
15087.955407 -155088.625287
15130.817325 -155066.816945
15172.399955 -155064.775523
15201.913831 -155064.775520
15237.727007 -155064.775519
15316.773150 -155064.775518
15435.136879 -155064.775518
