61734.531941 -155620.194333
61741.792592 -155302.184652
61761.994646 -155256.595415
61804.166280 -155245.195013
61882.799687 -155237.129017
61921.289229 -155135.008500
61953.346213 -155119.015853
61983.889407 -155105.344267
62013.431240 -155102.194359
62042.346740 -155100.948152
62067.740983 -155100.930731
62090.227572 -155097.564242
62133.110115 -155071.887149
62176.211037 -155068.327449
62213.198828 -155066.784145
62242.786140 -155066.784140
62277.279843 -155066.784136
62356.026828 -155066.784133
62476.817803 -155066.784133
