41851.830008 -156568.035717
41859.045959 -156153.555192
41879.237559 -155893.734232
41921.149045 -155852.091104
41991.626181 -155835.210844
42089.197264 -155835.210662
42094.326344 -155830.405315
42134.557167 -155230.366282
42167.456120 -155131.926353
42196.642808 -155109.773260
42225.588545 -155106.058916
42250.085194 -155103.772133
42268.117039 -155102.405689
42283.702556 -155102.394885
42305.647534 -155095.875716
42347.938691 -155070.472964
42388.473943 -155068.475559
42423.179721 -155067.586681
42451.198901 -155067.586680
42485.723595 -155067.586680
42565.836964 -155067.586680
42685.266164 -155067.586680
