12651.210694 -155776.880233
12658.533464 -155527.031020
12679.760702 -155245.735053
12723.589905 -155193.557647
12795.800314 -155193.465088
12900.419755 -155188.531762
12943.623584 -155122.473087
12974.446947 -155096.346612
13005.444661 -155093.065726
13023.213058 -155092.855012
13038.720176 -155092.840218
13061.024210 -155088.286706
13103.420063 -155072.736219
13132.995998 -155072.523528
13173.145659 -155070.432892
13202.149615 -155070.156339
13235.050949 -155067.939091
13264.066494 -155067.939088
13298.803280 -155067.939086
13379.103290 -155067.939084
13495.141564 -155067.939084
