77186.564412 -155651.367126
77193.886561 -155394.933562
77214.276674 -155351.655626
77256.112232 -155320.687238
77326.943749 -155287.422898
77429.598447 -155198.952883
77436.823746 -155191.407785
77479.067231 -155106.182152
77518.915065 -155086.378203
77553.672215 -155078.365156
77584.519797 -155078.105388
77613.523890 -155077.925588
77647.158827 -155074.184159
77689.466210 -155045.441661
77731.084352 -155043.826348
77762.987368 -155043.767665
77793.748896 -155043.659675
77824.039305 -155043.659612
77859.637283 -155043.659550
77937.616849 -155043.659488
78058.007381 -155043.659488
