44301.909046 -156741.196001
44309.091887 -156352.626737
44329.052405 -156231.372557
44370.418647 -156212.471397
44439.597470 -156185.964739
44538.865087 -156079.247613
44545.170097 -156071.379564
44584.283913 -155265.755787
44618.187944 -155103.148679
44654.115079 -155084.938921
44680.905910 -155075.907879
44704.358068 -155072.353014
44724.718676 -155068.905761
44741.684946 -155068.685708
44757.828682 -155068.659961
44779.262818 -155064.002629
44824.255746 -155053.129209
44861.933209 -155052.257159
44894.776408 -155049.846895
44924.779130 -155049.846892
44959.385922 -155049.846890
45040.848333 -155049.846890
45168.478938 -155049.846890
