66315.562649 -156496.813183
66322.922481 -156198.570753
66344.566204 -156158.286148
66388.724958 -155499.606854
66464.879505 -155361.228112
66572.290791 -155218.134631
66579.511340 -155210.475501
66616.635917 -155145.146645
66648.768892 -155094.933144
66680.298917 -155089.190209
66707.057205 -155084.345529
66730.317957 -155083.927821
66751.704136 -155082.197981
66769.287748 -155082.045284
66786.198725 -155081.380850
66808.329971 -155078.638059
66850.413972 -155054.976585
66889.373140 -155053.337363
66919.993838 -155053.337360
66954.167863 -155053.337359
67034.420296 -155053.337359
67155.266574 -155053.337359
