56235.371452 -155573.770345
56242.777967 -155274.579818
56264.292101 -155215.035926
56309.094178 -155204.253876
56390.854048 -155196.348454
56429.228051 -155168.228404
56466.459574 -155140.595846
56498.547737 -155136.899454
56528.458641 -155135.559566
56557.109533 -155135.062925
56588.678903 -155132.753822
56633.198869 -155099.870769
56678.102839 -155065.535013
56722.145532 -155052.515308
56763.534165 -155050.195646
56800.617853 -155047.363740
56836.098601 -155045.727047
56865.270536 -155045.727045
56900.505300 -155045.727045
56982.327194 -155045.727045
57102.270421 -155045.727045
