25961.193888 -156206.906945
25968.531209 -155938.157707
25989.296911 -155844.608609
26032.362942 -155840.670295
26104.156655 -155742.125082
26207.796940 -155580.734972
26215.125165 -155572.426835
26259.130636 -155471.674580
26292.608977 -155126.663962
26327.048900 -155110.518680
26358.234369 -155105.307296
26386.701748 -155101.398724
26407.858528 -155098.887026
26453.679817 -155065.313958
26493.327876 -155062.210364
26534.933936 -155057.298043
26564.965332 -155057.155738
26600.163931 -155055.988432
26630.328178 -155055.988371
26665.981628 -155055.988310
26747.434463 -155055.988249
26869.908643 -155055.988249
