84020.809983 -156319.011572
84027.974528 -156048.083094
84048.195067 -156006.755390
84091.739556 -155970.420118
84165.151802 -155866.588643
84268.011487 -155490.512041
84275.285755 -155481.944267
84315.660174 -155372.600256
84349.503644 -155354.152600
84381.338310 -155332.133239
84409.327410 -155284.158662
84439.379779 -155279.397431
84462.905318 -155075.997395
84485.774275 -155062.749540
84511.873356 -155056.118610
84529.203051 -155055.822420
84546.234824 -155055.811678
84570.179984 -155052.110905
84612.055547 -155042.219270
84641.879821 -155042.219268
84676.123220 -155042.219268
84757.924368 -155042.219267
84879.992212 -155042.219267
