38430.776029 -157304.539360
38438.165291 -156836.269080
38459.815130 -156698.712310
38506.070742 -156502.441138
38585.691171 -156206.899757
38695.395080 -156176.749505
38701.138296 -156167.790919
38739.354914 -155242.895113
38770.746773 -155134.975353
38802.171320 -155117.979012
38818.227335 -155117.965675
38837.419902 -155115.028379
38880.891966 -155084.033159
38917.246265 -155083.218584
38945.772478 -155083.218573
38981.473036 -155082.860179
39027.848739 -155081.487656
39063.646243 -155081.487653
39101.886894 -155081.487651
39177.873864 -155081.487649
39304.743502 -155081.487649
