81687.928618 -157247.648223
81695.207908 -156787.646402
81717.004183 -156502.796573
81761.960086 -156488.255126
81837.389496 -156394.590837
81942.068082 -156382.570536
81949.343625 -156374.375316
81992.542361 -156302.677827
82028.665044 -155900.699853
82058.202371 -155495.418374
82086.045228 -155472.801033
82116.032053 -155469.564618
82143.003761 -155467.567783
82163.006899 -155467.320080
82186.060845 -155463.505215
82228.511262 -155453.614285
82269.900593 -155446.573136
82300.786535 -155446.573136
82336.727712 -155446.573136
82419.458084 -155446.573136
82553.026495 -155406.875030
82612.940554 -155344.895701
82662.218299 -155271.096534
82704.861621 -155257.605188
82747.590068 -155171.237446
82787.803359 -155101.179006
82826.829844 -155072.471963
82859.847593 -155072.341368
82890.140234 -155072.341368
82926.463360 -155072.341368
83012.284358 -155072.341368
83137.930045 -155072.341368
