72520.721610 -156241.381172
72527.884178 -155939.216464
72547.643141 -155840.761182
72589.004676 -155773.054895
72658.915172 -155640.514782
72759.743203 -155616.524037
72767.072691 -155607.816801
72808.089949 -155111.950732
72847.054909 -155092.719353
72881.750955 -155089.481101
72912.421685 -155083.845475
72945.666979 -155080.995122
72988.996742 -155064.984158
73029.875723 -155063.147176
73070.816475 -155060.157764
73101.073985 -155060.157761
73135.993934 -155060.157759
73213.728463 -155060.157759
73332.398485 -155060.157759
