58101.334989 -156307.502179
58108.661512 -155999.644441
58130.496192 -155768.365409
58185.907468 -155759.946088
58220.801525 -155347.493662
58252.188377 -155174.268002
58280.457002 -155134.714747
58309.392467 -155124.440529
58336.624435 -155121.333456
58361.060366 -155121.107925
58384.560609 -155118.736997
58401.773407 -155118.593877
58421.881527 -155115.370319
58465.394240 -155088.012641
58507.059452 -155086.019525
58538.700448 -155085.815665
58579.714242 -155083.824139
58611.015808 -155083.824130
58646.732215 -155083.824126
58734.725387 -155083.824123
58871.685409 -155063.043940
58932.679344 -155053.285860
58973.749893 -155053.285836
59014.320245 -155053.285815
59094.477240 -155053.285796
59232.587129 -155053.285796
