49042.245273 -156528.088395
49049.444294 -156055.484330
49069.890429 -155798.845087
49111.079004 -155647.618362
49178.750130 -155376.921950
49276.794784 -155281.513540
49283.261072 -155273.986340
49322.370380 -155151.333727
49356.856691 -155105.670195
49389.614507 -155101.733984
49411.593186 -155101.173102
49433.371735 -155099.604490
49454.628253 -155096.551178
49496.852005 -155062.562908
49535.112340 -155060.867952
49564.194631 -155060.867950
49601.325611 -155060.294877
49644.922224 -155060.294871
49689.268594 -155060.294868
49759.838529 -155060.294865
49884.933738 -155060.294865
