24973.626540 -155607.357354
24980.931208 -155315.006999
25001.599561 -155296.310844
25043.832929 -155276.755171
25114.841594 -155268.601636
25217.823586 -155236.206004
25225.096961 -155227.883883
25267.296283 -155115.540503
25307.445729 -155100.336003
25340.199794 -155098.285517
25370.869696 -155095.492968
25406.245507 -155091.271851
25449.648375 -155064.688341
25491.068826 -155063.310613
25528.038210 -155061.453073
25556.900317 -155061.276092
25591.889566 -155060.170881
25620.339639 -155060.170881
25653.946551 -155059.998852
25696.643659 -155059.998852
25739.407621 -155059.998852
25807.565501 -155059.998852
25929.396327 -155059.998852
