10925.016796 -156016.786512
10932.414097 -155587.243126
10953.576424 -155462.206424
10996.182029 -155216.867320
11075.874644 -155208.960911
11113.040699 -155126.066457
11144.069899 -155104.929546
11172.032414 -155097.268410
11200.162220 -155094.349758
11221.680508 -155091.755234
11266.800409 -155072.477102
11310.350155 -155069.710685
11353.378066 -155069.700472
11395.976169 -155069.437897
11452.506673 -155060.556036
11489.037929 -155060.555975
11530.406614 -155059.406526
11574.215253 -155059.406460
11618.612866 -155059.406397
11688.588585 -155059.406335
11813.769650 -155059.406335
