11842.448002 -155914.512244
11849.599524 -155608.488401
11869.701354 -155567.052555
11909.770127 -155545.822009
11976.291953 -155402.622613
12069.545443 -155231.580647
12076.773394 -155224.135638
12117.265128 -155163.562193
12149.922923 -155131.723273
12185.606638 -155123.132548
12216.286259 -155108.847063
12243.984394 -155108.009382
12261.067097 -155107.789307
12282.055155 -155105.657384
12324.588789 -155082.472294
12358.082898 -155081.273829
12387.516000 -155081.273817
12422.075910 -155081.273804
12503.270074 -155081.273792
12620.833166 -155081.273792
