40190.185560 -156014.477898
40197.311637 -155715.527403
40216.827615 -155554.779492
40257.988156 -155445.207066
40330.261563 -155333.095835
40441.929336 -155324.757132
40482.057500 -155285.103929
40515.153930 -155125.569454
40544.682542 -155097.140994
40573.578560 -155083.812192
40603.818125 -155077.666532
40628.579546 -155076.570914
40646.841404 -155075.742034
40664.795621 -155075.343171
40684.769583 -155074.197160
40708.440199 -155069.199700
40751.070020 -155050.132770
40780.789324 -155050.132756
40814.678827 -155050.132745
40898.068118 -155050.132736
41023.403637 -155050.132736
