55351.444836 -156268.831520
55358.701295 -155951.950331
55380.036490 -155679.513062
55422.908909 -155212.198584
55504.207762 -155202.915428
55541.054856 -155136.893783
55576.928178 -155113.992182
55607.216677 -155097.878848
55637.496763 -155094.327573
55665.900970 -155094.177577
55683.876795 -155094.004874
55701.059541 -155093.915789
55722.511705 -155091.438949
55765.419545 -155056.410290
55805.114621 -155050.906263
55835.195222 -155050.906263
55874.647842 -155049.129487
55919.350115 -155048.067828
55955.824656 -155048.067828
55994.604794 -155048.067827
56073.191564 -155048.067827
56203.566960 -155048.067827
