79843.332466 -155917.631662
79850.584733 -155657.206675
79871.427378 -155572.795944
79914.836449 -155417.124820
79992.486681 -155412.030519
80029.877744 -155313.960407
80063.564249 -155218.168598
80095.572826 -155208.834123
80125.024924 -155208.393254
80153.260042 -155207.493617
80186.347321 -155200.662618
80229.254586 -155171.945772
80271.972174 -155156.586889
80314.236525 -155111.833718
80355.504043 -155074.786602
80387.868077 -155066.478782
80418.008662 -155066.478780
80451.675052 -155066.478778
80538.393024 -155066.478776
80664.981783 -155066.478776
