67185.070637 -155586.712172
67192.339434 -155345.321456
67213.047950 -155321.883760
67257.736684 -155213.008891
67334.082106 -155179.458146
67449.721652 -155171.833027
67489.220169 -155121.960076
67526.761814 -155118.508510
67556.689024 -155095.665650
67587.127949 -155093.109980
67616.588056 -155089.962541
67642.518469 -155087.959748
67661.636672 -155086.790436
67682.593333 -155084.341246
67725.449787 -155063.323657
67764.472850 -155062.021590
67795.098320 -155061.812897
67831.132303 -155059.969227
67861.741192 -155059.870599
67891.911617 -155059.870538
67926.193260 -155059.870478
68005.358073 -155059.870417
68124.749339 -155059.870417
