50676.066013 -155456.351850
50683.222563 -155189.211362
50703.277718 -155172.434025
50744.247747 -155164.253832
50819.875135 -155156.386722
50856.290306 -155110.279221
50889.261898 -155078.013076
50918.568210 -155074.351060
50941.515686 -155071.912192
50963.094700 -155069.199306
51006.347379 -155049.491576
51037.227607 -155046.821480
51067.685700 -155046.612771
51108.728330 -155044.615376
51139.138739 -155044.470782
51174.605688 -155043.314915
51204.643096 -155043.314908
51238.584700 -155043.314901
51316.545737 -155043.314894
51432.072437 -155043.314894
