42718.793956 -155712.751633
42726.020678 -155519.911875
42746.681815 -155391.133191
42791.085198 -155336.906266
42865.309949 -155310.124452
42970.275946 -155296.776046
42977.599703 -155287.764958
43017.401288 -155101.568379
43055.412784 -155081.923369
43087.552085 -155081.711645
43121.005195 -155079.182063
43166.982117 -155059.043095
43207.978305 -155058.853728
43243.643134 -155057.701740
43274.093355 -155057.701738
43308.465207 -155057.701738
43388.131198 -155057.701737
43510.933619 -155057.701737
