34979.767867 -155364.499537
34987.007505 -155157.445553
35007.520022 -155151.742960
35049.587733 -155151.742717
35127.363846 -155144.084180
35167.953194 -155101.953133
35202.505970 -155091.106648
35234.094120 -155086.285125
35264.297090 -155081.628952
35292.491693 -155081.476599
35324.239806 -155078.919317
35365.443873 -155063.920057
35400.829653 -155062.856350
35432.076947 -155062.856289
35467.241469 -155061.911045
35516.737374 -155059.454568
35559.217748 -155058.022731
35593.771669 -155058.011487
35626.256110 -155058.011409
35661.526206 -155058.011340
35739.872689 -155058.011275
35859.804137 -155058.011275
