26899.445024 -156978.408220
26906.493978 -156713.763819
26926.718785 -156542.079358
26969.086564 -156482.068996
27040.482783 -156371.302885
27145.360313 -156176.691448
27152.624765 -156168.238280
27195.024852 -156002.298992
27230.246857 -155962.012336
27261.000368 -155241.566723
27289.108221 -155105.825738
27318.621664 -155084.400111
27338.004179 -155082.924608
27355.836564 -155082.500185
27373.099738 -155082.339241
27399.977591 -155079.625970
27422.713224 -155075.068343
27464.883535 -155054.513586
27502.372116 -155053.088473
27533.712801 -155053.088449
27567.671798 -155053.088434
27650.956030 -155053.088423
27776.488183 -155053.088423
