52457.654865 -155581.651903
52464.893848 -155326.853233
52485.282869 -155311.973038
52526.503008 -155237.365708
52595.617958 -155163.410288
52703.165872 -155155.208201
52742.333351 -155120.219712
52778.400864 -155110.829577
52809.268859 -155108.088238
52828.366298 -155107.702334
52847.970096 -155107.422166
52868.355089 -155104.927029
52911.315238 -155058.272936
52950.383884 -155057.538605
52986.047805 -155056.568943
53015.532615 -155056.568942
53050.184814 -155056.568942
53128.821152 -155056.568942
53246.286087 -155056.568942
