37589.242905 -155654.724988
37596.536302 -155393.791727
37617.992283 -155285.217052
37663.117187 -155235.545099
37746.067682 -155227.292036
37783.804244 -155182.066344
37818.308971 -155164.617916
37849.493008 -155158.700157
37878.951782 -155153.716483
37907.175379 -155148.612271
37931.564805 -155148.448552
37953.272218 -155144.831956
37995.939242 -155088.562682
38034.841004 -155082.034569
38064.601287 -155081.923474
38094.739676 -155081.153239
38124.333040 -155081.097690
38153.924654 -155081.097687
38188.544095 -155081.097686
38270.298453 -155081.097685
38396.703625 -155081.097685
