64304.821839 -155740.609884
64312.515502 -155452.228129
64333.712329 -155336.719401
64376.850473 -155272.062874
64448.912534 -155232.823972
64551.148703 -155223.160717
64558.381461 -155215.211038
64598.058860 -155121.387204
64635.712479 -155101.952370
64667.336401 -155096.094940
64697.648058 -155095.614491
64727.438888 -155091.391685
64753.587700 -155089.537996
64773.374921 -155088.726726
64793.835761 -155085.444466
64836.366531 -155049.034509
64873.878384 -155047.680817
64903.936584 -155047.615847
64933.823670 -155047.592479
64963.635984 -155047.484237
64993.081038 -155047.484236
65029.255277 -155047.484236
65112.058383 -155047.484236
65233.520863 -155047.484236
