59265.834070 -156889.293579
59273.068072 -156623.877745
59294.890675 -156232.484924
59337.704621 -156113.863114
59409.522963 -156110.336835
59511.108416 -155878.106316
59518.388427 -155868.526524
59556.201260 -155720.583407
59589.748157 -155678.375240
59622.470108 -155602.269768
59650.582203 -155135.707892
59681.606904 -155097.643938
59709.742824 -155091.834192
59726.563368 -155091.317088
59751.859354 -155087.928256
59776.759069 -155086.453305
59793.721522 -155086.282629
59810.270428 -155086.251556
59831.159348 -155083.137830
59876.386361 -155054.298351
59918.525698 -155054.297195
59953.440516 -155054.297195
60039.607809 -155054.297195
60167.416006 -155054.297195
