57137.217284 -156821.588148
57144.454783 -156431.771610
57166.054062 -156404.912721
57211.541591 -156291.950692
57287.411326 -156164.246887
57391.962130 -156162.088968
57399.229249 -156152.345806
57445.273220 -156012.328367
57481.956817 -155748.658193
57511.675803 -155661.196158
57543.481058 -155648.158230
57573.209532 -155638.830856
57598.104579 -155470.428262
57622.474174 -155113.722414
57651.314723 -155074.470809
57673.522470 -155074.231606
57689.935309 -155074.069252
57710.809813 -155070.853140
57753.741709 -155056.307543
57787.968889 -155055.961674
57817.864060 -155055.961612
57851.949110 -155055.961551
57937.677887 -155055.961489
58065.452680 -155055.961489
