54295.687879 -156777.290809
54303.187515 -156435.772201
54324.873878 -156375.097381
54371.325343 -155875.748127
54449.734541 -155875.733958
54562.124431 -155870.743568
54604.262026 -155557.806463
54635.975462 -155130.186035
54667.818578 -155123.589448
54687.971645 -155121.780677
54706.754508 -155121.550913
54724.565186 -155121.345092
54748.888454 -155115.180016
54791.483157 -155104.943493
54823.773204 -155104.919623
54864.799804 -155104.421694
54896.404129 -155104.421688
54932.121212 -155102.350790
54989.179632 -155073.453708
55037.000308 -155069.689616
55070.949352 -155069.689605
55107.009721 -155069.689596
55192.473207 -155069.689588
55319.303341 -155069.689588
