17135.730817 -155602.324780
17142.966722 -155347.386760
17163.781671 -155284.661807
17206.743336 -155178.655591
17286.044318 -155170.431284
17324.666905 -155129.899857
17360.600699 -155119.057171
17391.932741 -155117.974178
17421.176809 -155116.260054
17450.420575 -155114.543845
17476.890949 -155110.905248
17492.722502 -155110.889482
17518.457557 -155108.159265
17560.848139 -155093.465534
17590.851891 -155093.465529
17626.056570 -155078.316876
17681.357814 -155060.337981
17723.472023 -155059.389309
17755.975336 -155059.389307
17791.435521 -155059.389307
17868.846280 -155059.389306
17986.430280 -155059.389306
