88272.349218 -157392.159863
88279.662913 -156842.909265
88300.824606 -156653.960135
88345.897861 -156591.842654
88419.060769 -156480.216467
88529.344420 -156385.975581
88536.690067 -156374.965484
88578.212117 -156313.731328
88613.202974 -156295.947348
88647.658589 -156285.731204
88678.656359 -156281.875976
88707.783864 -156217.254709
88734.982183 -155866.364828
88763.573239 -155138.310631
88791.391809 -155096.634602
88817.056464 -155095.907675
88835.074622 -155095.855891
88858.164041 -155092.498718
88900.927143 -155067.666690
88932.836356 -155066.870967
88964.140299 -155066.870962
88999.223653 -155066.870959
89080.072750 -155066.870957
89200.492107 -155066.870957
