78089.685708 -155767.281488
78096.909973 -155332.671177
78118.761982 -155227.311859
78163.796191 -155207.463270
78236.613715 -155185.528045
78343.949063 -155156.869688
78351.257565 -155148.842044
78390.824054 -155107.343839
78429.776769 -155096.231260
78461.916230 -155094.830691
78490.480329 -155094.550654
78517.764893 -155091.121937
78538.243887 -155088.821698
78583.770884 -155063.823271
78621.631680 -155063.412094
78660.881584 -155061.557094
78691.771360 -155061.378283
78728.515233 -155059.446773
78758.838521 -155059.446769
78794.898060 -155059.446767
78880.690511 -155059.446765
79005.671265 -155059.446765
