71579.867097 -156580.708974
71587.167073 -156043.805603
71608.260919 -155843.630513
71653.324593 -155799.549087
71728.762780 -155791.943205
71834.088102 -155777.914623
71841.342194 -155767.276624
71884.525577 -155692.718985
71917.859714 -155668.909652
71948.348638 -155603.052076
71974.210416 -155069.883329
72002.209006 -155062.840210
72019.479490 -155062.818185
72036.643456 -155062.348722
72056.880394 -155062.271831
72082.827085 -155062.247714
72104.283649 -155058.869996
72146.409853 -155044.040639
72185.693533 -155043.840631
72227.814486 -155043.839560
72269.465114 -155043.838362
72361.388783 -155043.837158
72489.442512 -155043.837158
