53279.226269 -156641.628543
53286.460364 -156337.845301
53307.840517 -156171.536691
53356.673679 -156108.881124
53438.102006 -156106.635251
53557.858697 -156098.121987
53599.625173 -155481.214594
53630.207562 -155195.799561
53656.432933 -155102.109293
53689.151358 -155089.803419
53718.221495 -155085.448195
53745.931653 -155082.627138
53763.436263 -155082.488880
53780.662388 -155082.311201
53800.252555 -155081.043637
53824.962657 -155076.838408
53867.678854 -155056.629148
53905.757589 -155056.218014
53937.057570 -155056.182141
53977.701043 -155055.610482
54007.270439 -155055.610419
54042.559842 -155055.610356
54131.817153 -155055.610293
54263.774109 -155055.610293
