69876.206885 -156240.337024
69883.478303 -155894.477569
69904.092542 -155648.404128
69947.951642 -155512.683886
70022.463177 -155476.792207
70128.840972 -155457.713692
70133.960354 -155452.941282
70176.593226 -155372.012403
70209.078917 -155107.390607
70238.404336 -155088.114130
70269.890695 -155086.650180
70300.077367 -155083.928670
70327.078237 -155081.903164
70344.943391 -155081.684916
70368.941146 -155077.014304
70411.247598 -155060.114411
70455.057266 -155055.486921
70491.195444 -155054.338403
70522.540035 -155054.219695
70553.001455 -155054.219682
70587.301614 -155054.219676
70669.829164 -155054.219674
70790.584846 -155054.219674
