83167.018750 -156354.051047
83174.277948 -155876.152453
83194.668579 -155832.989801
83235.952457 -155761.645107
83303.549694 -155738.557072
83401.306772 -155707.450314
83408.636560 -155698.075081
83448.838822 -155236.091176
83483.370124 -155124.934617
83518.005289 -155092.702946
83548.924346 -155085.820963
83577.899033 -155085.575938
83602.025211 -155080.712074
83647.263576 -155052.260002
83688.637836 -155049.442473
83721.200140 -155049.323332
83752.501398 -155049.323320
83788.091303 -155049.323315
83866.912309 -155049.323313
83990.521103 -155049.323313
