32165.431090 -155715.079885
32172.726154 -155357.606365
32194.645248 -155331.148599
32240.591180 -155190.130488
32317.200844 -155170.515839
32425.840683 -155154.886728
32430.974494 -155150.232988
32475.166977 -155123.571027
32513.320489 -155117.658354
32545.944420 -155115.389229
32575.943801 -155115.365817
32605.248041 -155113.863191
32639.047034 -155108.710218
32681.419621 -155067.605632
32720.214830 -155066.164056
32749.606387 -155066.164054
32785.238156 -155066.164052
32871.319051 -155066.164051
32999.814249 -155066.164051
