23381.737534 -155767.016512
23389.009177 -155511.108145
23410.328896 -155443.943106
23455.910626 -155413.738291
23537.202922 -155409.077265
23577.883659 -155113.625701
23612.235077 -155096.498289
23643.085779 -155088.755706
23659.205224 -155088.244926
23681.661647 -155082.837388
23724.946796 -155055.419335
23754.351301 -155055.419327
23789.591574 -155054.429104
23837.902932 -155053.621095
23885.432619 -155053.278928
23919.081094 -155053.236915
23949.277371 -155053.236903
23984.235284 -155053.236897
24070.287841 -155053.236895
24195.411930 -155053.236895
