51053.594101 -233608.870825
51061.386753 -207165.742493
51082.393668 -184178.278914
51126.589388 -171820.702860
51190.491826 -168484.665639
51277.682212 -165392.242530
51290.286629 -164899.227674
51337.467945 -155721.559324
51372.210059 -155228.626043
51402.401095 -155197.169440
51430.763377 -155183.913948
51460.668817 -155173.514144
51488.525024 -155167.271667
51517.052872 -155166.267781
51545.292994 -155166.210114
51578.363692 -155149.870373
51621.294997 -155072.022269
51658.822879 -155070.798075
51688.794949 -155070.798075
51722.908874 -155070.730334
51779.047769 -155067.106542
51816.209799 -155067.106542
51852.549207 -155067.106542
51932.356050 -155067.106542
52063.456229 -155067.106542
