90823.944433 -236019.722674
90831.927024 -207899.881772
90854.773423 -184235.819538
90897.838340 -172343.278574
90962.330179 -169694.705297
91044.840223 -167709.927346
91056.674820 -167189.771313
91106.026634 -156183.992694
91138.848625 -155849.337766
91170.141164 -155300.175220
91198.798357 -155143.867716
91229.470503 -155129.457600
91259.041231 -155122.400994
91286.902165 -155121.715170
91324.071747 -155094.026680
91368.851471 -155073.565000
91411.152443 -155073.563038
91452.625681 -155072.493214
91510.706897 -155069.486034
91560.082575 -155069.395570
91604.826036 -155069.391758
91647.370678 -155069.261068
91705.068435 -155065.502734
91753.466020 -155065.496533
91798.113286 -155065.489407
91877.311648 -155065.481221
91998.864970 -155065.481221
