23953.662655 -235903.740485
23961.451648 -208370.492500
23983.842782 -183191.732721
24031.122886 -172160.497420
24103.452538 -167090.730239
24206.647833 -166179.276937
24218.372834 -165673.960362
24266.423248 -157330.283201
24302.869965 -156009.074385
24333.355725 -155972.590725
24365.092080 -155963.433022
24391.974308 -155952.161244
24420.393684 -155937.908200
24446.568096 -155912.494437
24471.778887 -155424.746010
24498.895844 -155376.692826
24522.364049 -155373.326120
24538.830773 -155373.312600
24566.943311 -155353.671804
24611.148495 -155331.557792
24655.126503 -155327.025810
24698.362970 -155251.916059
24740.776223 -155091.123148
24781.581464 -155087.505986
24811.961852 -155087.505952
24849.367505 -155072.681581
24902.949035 -155054.977325
24945.218567 -155053.749796
24978.257117 -155053.749782
25014.676925 -155053.749769
25095.379100 -155053.749755
25224.891205 -155053.749755
