62101.764032 -235666.740410
62109.787112 -204888.637060
62132.238270 -183075.304159
62177.595040 -171122.230355
62248.092214 -166494.284970
62345.896881 -164321.812434
62356.928534 -163880.100507
62402.305357 -156774.655000
62434.881070 -156147.176905
62463.996328 -155710.353492
62492.197940 -155448.380328
62520.200458 -155405.059693
62548.528770 -155348.267606
62573.963136 -155168.927098
62595.784834 -155146.496933
62622.244317 -155142.419849
62640.062438 -155140.599819
62666.673152 -155116.083491
62709.211093 -155074.009444
62750.077806 -155072.127156
62788.747441 -155071.143224
62818.483279 -155071.143222
62856.662724 -155068.987854
62907.417731 -155066.034903
62945.256211 -155065.703002
62978.207833 -155065.703001
63013.519382 -155065.703000
63097.764162 -155065.703000
63231.886297 -155065.703000
