33308.626522 -235458.810405
33316.609777 -209553.369538
33338.540865 -182894.907793
33380.127779 -173056.633877
33443.120852 -170122.096116
33532.535792 -167046.897707
33544.248127 -166572.220966
33591.100350 -156503.705418
33625.040238 -155250.857875
33653.490250 -155227.371910
33685.638774 -155206.758479
33715.687072 -155204.164761
33745.192102 -155194.254166
33773.851627 -155193.639619
33801.838511 -155192.130543
33838.502122 -155160.003479
33883.055999 -155085.560541
33925.304827 -155085.201822
33967.309996 -155084.998036
34010.132529 -155080.950590
34051.502523 -155080.947073
34093.028497 -155080.943016
34179.019230 -155080.938335
34300.099974 -155080.938335
