68450.702967 -235625.587861
68458.237040 -207878.819900
68479.962742 -180183.773542
68525.296377 -173579.283090
68599.253600 -168977.718467
68698.410991 -165406.288178
68710.108732 -164934.249795
68758.739052 -155869.149493
68792.498966 -155206.873974
68819.096158 -155185.621688
68842.879035 -155181.195895
68873.599489 -155172.433493
68902.087860 -155171.753588
68931.014874 -155165.682060
68960.373354 -155160.831876
68977.060641 -155159.734024
68994.650285 -155159.107478
69015.159507 -155158.696715
69043.566695 -155110.488406
69086.996100 -155079.492070
69117.015792 -155079.430708
69146.256272 -155079.430700
69180.992013 -155075.648217
69224.757903 -155075.648210
69268.965516 -155074.882499
69322.264984 -155072.845462
69365.046402 -155072.441835
69397.220745 -155072.441832
69432.477225 -155072.441829
69509.943829 -155072.441827
69628.034933 -155072.441827
