36427.267190 -235429.938382
36435.057373 -209034.841690
36456.583724 -182426.748177
36499.307738 -173947.766791
36562.796795 -169814.220485
36661.947200 -165913.772648
36672.577066 -165418.992099
36723.007728 -155800.950223
36755.262865 -155258.627643
36783.934597 -155198.609217
36815.235207 -155177.183347
36846.520494 -155168.868858
36874.999171 -155158.575616
36903.312005 -155157.041012
36931.109763 -155156.708637
36957.026553 -155156.377668
36974.288618 -155156.351423
37000.420563 -155128.879463
37042.230200 -155087.732144
37083.124142 -155080.809395
37123.611800 -155076.233550
37164.625938 -155069.159249
37196.148371 -155069.159245
37230.920549 -155065.211696
37276.498843 -155065.211694
37321.817605 -155065.211694
37395.592142 -155065.211693
37529.122365 -155065.211693
