84526.502752 -235742.581264
84534.316037 -207701.636752
84555.710844 -184010.848163
84596.868152 -174376.304526
84660.230974 -167681.451971
84762.934086 -164455.724206
84774.762156 -163890.313848
84823.714392 -156129.663781
84857.214404 -155351.762921
84886.556565 -155161.992295
84918.733792 -155146.622890
84946.634976 -155136.267955
84972.112941 -155132.721954
84993.242988 -155131.931525
85012.450826 -155130.843593
85029.201993 -155130.724857
85052.509402 -155122.884428
85080.129504 -155096.294404
85123.709351 -155070.994467
85159.438948 -155070.445695
85189.789448 -155070.445685
85222.943287 -155070.445676
85302.865706 -155070.445669
85424.196928 -155070.445669
