23011.451441 -234705.864881
23019.240315 -206277.253454
23041.621094 -183204.953332
23086.204751 -172547.513530
23165.535490 -165752.483304
23267.225609 -165652.583704
23279.000402 -165128.885854
23324.267316 -156216.580181
23358.016830 -155965.488679
23388.949614 -155931.794428
23421.111144 -155922.070028
23449.498806 -155406.926667
23476.894687 -155189.271596
23507.396615 -155180.975671
23544.554661 -155141.823641
23589.586665 -155085.774415
23633.150566 -155079.226597
23674.999421 -155079.224270
23717.748027 -155079.221611
23807.239128 -155079.218572
23926.815998 -155079.218572
