43890.072465 -235537.328165
43897.886782 -208433.625846
43921.427354 -184907.964824
43968.763553 -175560.484781
44045.072384 -167125.456083
44145.113507 -163680.902825
44156.865960 -163138.522111
44203.063061 -157014.902780
44235.461833 -155977.006566
44264.391748 -155511.611136
44296.436109 -155357.392623
44325.942483 -155351.344485
44356.058580 -155342.975384
44382.846136 -155342.788302
44401.591508 -155342.058259
44424.125886 -155341.652052
44448.884037 -155325.762584
44493.687819 -155288.873886
44538.004516 -155262.792499
44582.201902 -155082.141042
44625.902051 -155068.953637
44668.806972 -155068.779780
44704.893068 -155067.654333
44735.817628 -155067.654324
44770.090710 -155067.654316
44852.172820 -155067.654308
44978.721664 -155067.654308
