40616.172247 -234777.041069
40623.889943 -206251.012538
40643.306644 -184666.468685
40683.899629 -174883.566596
40746.758877 -168222.424158
40833.073233 -165797.503352
40844.825051 -165349.740527
40889.291870 -156024.673323
40921.669606 -155238.494006
40953.137062 -155181.295188
40984.637010 -155170.857214
41014.218951 -155165.643359
41042.538821 -155161.979357
41070.623086 -155161.856547
41107.414514 -155135.233544
41152.423472 -155079.725469
41194.875909 -155079.699142
41237.045310 -155079.696617
41279.693173 -155079.693703
41369.391659 -155079.690340
41502.759499 -155079.690340
