106370.266733 -236543.937683
106378.575411 -206195.202746
106402.324820 -184002.179691
106444.201322 -174089.005857
106508.551908 -170414.129232
106604.469299 -167689.460100
106618.313772 -167219.140529
106670.356374 -155774.227238
106706.354386 -155238.661369
106739.315540 -155211.283132
106770.203297 -155199.141474
106800.397462 -155192.805465
106837.335424 -155147.479631
106881.970076 -155102.089050
106925.868936 -155090.830478
106968.926745 -155090.376407
107012.129942 -155089.575059
107054.878930 -155089.540095
107097.586964 -155089.532451
107139.515005 -155089.523666
107226.872114 -155089.513559
107348.523068 -155089.513559
