10459.636206 -235424.736237
10467.503708 -207030.083513
10490.219484 -180848.259641
10534.117498 -172890.538214
10603.433644 -167417.702661
10693.319915 -166558.607675
10704.003029 -166055.900913
10747.707693 -156525.352147
10782.372707 -155705.009956
10813.667206 -155652.079007
10842.693817 -155645.229759
10872.153864 -155638.272771
10901.471906 -155633.130042
10926.409443 -155625.846096
10950.656981 -155624.916333
10971.801355 -155623.352154
10999.408645 -155594.037835
11040.716453 -155479.226940
11084.454646 -155438.361724
11121.273116 -155436.290912
11163.340362 -155155.572417
11204.933895 -155062.025996
11243.551965 -155059.728367
11273.194746 -155059.728366
11308.564659 -155059.728364
11386.340130 -155059.728363
11508.985738 -155059.728363
