67441.760169 -235546.601713
67449.437598 -205783.221178
67472.145882 -183938.586844
67515.087461 -171821.096211
67583.414668 -169285.062086
67684.522860 -167337.752489
67696.222850 -166842.773889
67742.202671 -157244.997394
67774.804459 -156120.298282
67803.637040 -155628.656350
67836.049137 -155612.870540
67864.608933 -155601.058796
67893.954635 -155598.719528
67924.459447 -155426.851865
67951.411425 -155186.391042
67979.217844 -155123.708385
68008.969897 -155117.257151
68038.171706 -155116.771394
68075.070853 -155089.366014
68120.269805 -155054.749793
68163.339623 -155054.744928
68205.681548 -155054.739349
68295.831576 -155054.732952
68423.871693 -155054.732952
