31929.381391 -235324.201750
31937.193165 -208732.483912
31960.545431 -182494.535382
32006.216515 -173459.085475
32083.951821 -167281.144886
32189.912526 -164902.482279
32203.814765 -164410.700647
32250.734346 -155973.948473
32285.452297 -155198.798782
32315.233237 -155168.289213
32346.776009 -155158.632923
32376.091998 -155150.216407
32405.021774 -155148.935080
32433.395434 -155145.638218
32468.346863 -155130.048282
32510.971710 -155074.177303
32549.753049 -155073.785227
32585.168680 -155072.902205
32614.315744 -155072.902204
32650.361126 -155072.246986
32707.077852 -155065.261912
32744.323406 -155065.241957
32777.804924 -155061.351144
32817.669782 -155058.631687
32852.982352 -155058.137821
32882.694770 -155058.137820
32918.634439 -155054.940883
32968.366428 -155053.647636
33011.338614 -155053.079532
33043.104070 -155053.079530
33078.845589 -155053.079529
33159.801381 -155053.079529
33281.732857 -155053.079529
