96758.965653 -235724.574319
96766.671643 -208789.865482
96788.250111 -182432.793652
96832.029620 -174095.439692
96912.621401 -166702.163824
97026.732623 -164162.447135
97038.515375 -163618.501877
97083.867352 -156507.298141
97117.423568 -155944.427268
97147.008196 -155913.333927
97178.269398 -155906.163413
97208.114544 -155900.362505
97228.417497 -155900.286613
97245.837188 -155898.297581
97270.148119 -155897.425913
97296.210630 -155897.330348
97323.170478 -155894.652026
97349.164552 -155873.126518
97391.902262 -155687.820996
97433.879382 -155388.329566
97475.432795 -155089.920820
97512.276830 -155075.774837
97549.199321 -155074.775702
97577.797721 -155074.775698
97610.539778 -155074.775694
97690.681389 -155074.775690
97814.606723 -155074.775690
