19803.120353 -235178.615221
19810.940994 -208664.629778
19832.063050 -185270.150632
19877.879274 -172831.153843
19947.980460 -169731.878914
20040.259561 -165761.724778
20050.144104 -165289.384895
20098.547841 -156525.173791
20132.879762 -155474.589008
20163.170403 -155372.793102
20191.074630 -155180.874398
20221.921094 -155171.331430
20252.221044 -155162.893729
20281.071065 -155159.568607
20309.186918 -155159.552236
20338.697213 -155158.414123
20365.618365 -155158.381807
20392.459239 -155114.263383
20435.168864 -155087.173072
20476.566686 -155082.998532
20506.847819 -155082.998522
20541.932679 -155082.998516
20626.593702 -155082.998512
20751.036720 -155082.998512
