89327.087729 -235721.127956
89335.198790 -206250.195440
89357.393228 -183729.682312
89407.173738 -173734.678942
89485.338139 -167307.969378
89599.340463 -166819.651671
89646.377344 -156650.839020
89680.033836 -155588.802796
89707.818390 -155529.241795
89739.866994 -155454.308280
89769.377512 -155448.785819
89797.827098 -155448.746042
89825.713535 -155448.695347
89854.416087 -155443.470474
89890.840396 -155401.358986
89936.066299 -155349.426976
89979.465013 -155348.626581
90022.457046 -155348.254247
90064.833969 -155348.250571
90109.278360 -155159.442118
90168.592312 -155070.064531
90217.389683 -155069.310916
90262.085969 -155069.306925
90306.102814 -155066.992296
90363.336249 -155065.211272
90412.529374 -155064.829919
90457.606579 -155064.765750
90501.031980 -155064.288187
90543.795255 -155064.279732
90586.601220 -155064.270368
90671.587605 -155064.266753
90796.861922 -155064.266753
