100315.400800 -234820.950601
100323.486545 -205733.636596
100346.285052 -181043.375336
100390.004794 -173360.275388
100457.716198 -170340.085056
100558.020501 -165121.994484
100568.643480 -164630.310603
100615.376644 -156120.770295
100649.775024 -155802.682460
100679.247092 -155468.187618
100709.145334 -155401.884147
100739.563736 -155382.587632
100769.760978 -155374.997340
100798.644636 -155374.081708
100831.591108 -155360.661936
100876.737484 -155221.321135
100918.755666 -155156.429709
100961.158286 -155086.505776
100995.137999 -155086.369160
101025.511699 -155086.369158
101060.794008 -155085.601188
101116.608743 -155082.875661
101160.765702 -155080.186458
101194.975881 -155079.920325
101226.074236 -155079.920324
101260.930125 -155079.920323
101345.032198 -155079.920323
101473.281318 -155079.920323
