49987.383231 -235905.930230
49995.287532 -208288.744836
50017.782415 -182730.221260
50062.286302 -171559.307595
50136.129726 -168466.464470
50227.518835 -166130.466227
50241.443097 -165593.241205
50286.357608 -157640.929822
50319.085851 -156277.539868
50348.723096 -156152.891420
50379.845559 -156084.651940
50409.492740 -156074.869452
50438.776359 -156069.833086
50466.045719 -156051.870084
50492.441000 -155707.193209
50514.796136 -155695.572182
50537.349107 -155694.667203
50560.637178 -155677.462979
50602.967066 -155606.778612
50645.673113 -155130.797150
50687.288923 -155088.021090
50724.905727 -155085.668616
50766.181744 -155078.241340
50795.430570 -155078.241339
50830.130628 -155078.241339
50908.369522 -155078.241339
51026.873387 -155078.241339
