86396.026297 -235049.563503
86403.939661 -205647.314780
86425.259037 -182872.761233
86468.001992 -173095.697616
86537.835587 -166961.178211
86637.760112 -164635.871653
86649.538430 -164130.504649
86700.346194 -155833.397649
86735.008054 -155254.613162
86764.969628 -155217.651806
86795.821349 -155212.325935
86825.663712 -155207.752330
86842.814832 -155206.767775
86859.654697 -155206.398752
86876.394581 -155205.954533
86898.508150 -155196.941533
86925.878613 -155191.553048
86953.729989 -155170.799643
86998.297279 -155090.832522
87033.542418 -155090.362845
87071.902477 -155090.338350
87100.508342 -155090.338320
87136.799291 -155085.835445
87188.718170 -155072.619484
87229.814652 -155072.211014
87269.870988 -155068.994299
87305.230240 -155068.465806
87335.333322 -155068.465801
87370.837456 -155068.465798
87456.832224 -155068.465795
87587.310368 -155068.465795
