105363.938856 -235663.315766
105371.727301 -206577.187677
105393.829198 -182829.865386
105437.593543 -171237.467736
105502.341557 -168717.842624
105593.036212 -166096.745999
105604.739993 -165655.086293
105655.597587 -155975.954111
105686.591523 -155189.615349
105714.489092 -155151.909699
105747.559704 -155133.328780
105774.327414 -155125.069367
105801.107074 -155121.022416
105817.628930 -155120.339668
105839.153690 -155116.409335
105856.443548 -155115.326128
105880.456075 -155105.999293
105908.790105 -155105.960118
105945.821178 -155077.144005
105990.009952 -155061.146721
106033.769492 -155056.807236
106076.078368 -155056.796575
106118.705799 -155056.784339
106209.648592 -155056.770305
106341.049703 -155056.770305
