48157.488994 -235259.669048
48165.318446 -209207.784487
48187.932324 -183363.757437
48232.598374 -174574.670776
48304.107076 -168662.203534
48400.799100 -164063.167646
48412.632325 -163576.649802
48456.789190 -156892.383009
48490.827691 -155237.371857
48521.253620 -155158.129908
48552.405109 -155142.846717
48581.143150 -155141.175607
48598.233960 -155141.076166
48624.551014 -155140.099233
48645.275457 -155140.013024
48665.649286 -155137.115192
48692.150610 -155107.513666
48735.625527 -155063.752360
48766.791027 -155063.752357
48800.907851 -155063.752354
48883.221757 -155063.752352
49011.411783 -155063.752352
