102359.787163 -234602.561226
102367.229932 -209887.871362
102388.327303 -185647.318073
102431.459070 -174299.296947
102503.958123 -168141.658462
102602.097383 -164744.074994
102613.813737 -164246.949569
102661.194993 -156265.387828
102694.603089 -155164.515814
102728.807773 -155134.248619
102761.156648 -155122.767796
102791.434774 -155120.462023
102821.042691 -155119.741321
102850.349553 -155118.687919
102868.873666 -155118.544498
102893.346133 -155102.048612
102938.881154 -155053.278350
102982.214427 -155053.277824
103025.311967 -155053.277220
103119.255591 -155053.276525
103250.071247 -155053.276525
