55695.164074 -235319.902229
55702.828799 -207634.842681
55725.146508 -184162.284332
55765.033288 -171154.492649
55844.038072 -165976.918227
55942.868179 -165027.678287
55954.633553 -164491.807256
56001.217379 -157048.748251
56034.206761 -155910.809071
56063.673125 -155846.344548
56095.525663 -155826.857788
56124.910327 -155820.653046
56153.770169 -155818.699754
56182.512759 -155815.368441
56218.668395 -155795.819739
56262.702962 -155656.736177
56304.708267 -155550.443280
56347.343715 -155184.478403
56389.049788 -155168.745562
56418.672362 -155168.745560
56456.876181 -155140.381262
56513.576890 -155127.095764
56556.103573 -155125.958707
56588.498050 -155125.958707
56625.669233 -155125.958707
56705.829113 -155125.958707
56832.687641 -155073.426338
56888.224726 -155070.813031
56927.190745 -155070.813030
56967.824212 -155070.813030
57044.695742 -155070.813029
57175.656540 -155070.813029
