14956.027403 -235824.630071
14963.992020 -204402.183185
14985.627731 -181854.475716
15029.912444 -170006.902870
15098.641374 -168342.272103
15195.222945 -167077.267352
15205.013755 -166620.628431
15253.005345 -156533.634370
15286.838237 -155835.735948
15319.528819 -155799.203481
15349.727571 -155772.846178
15380.388854 -155760.569228
15416.790656 -155732.710944
15461.504304 -155479.104259
15502.529185 -155430.045678
15543.979424 -155366.059416
15573.148237 -155366.059391
15608.237897 -155362.536973
15659.249397 -155359.914218
15696.862688 -155359.884187
15729.837981 -155359.884185
15765.581858 -155359.884183
15849.172826 -155316.385770
15907.013364 -155207.295318
15957.614818 -155176.986044
16002.780692 -155085.929053
16037.446865 -155084.956077
16067.739263 -155084.956077
16101.888920 -155084.956077
16184.284684 -155084.956077
16316.725251 -155084.956077
