60071.665222 -234836.582889
60079.541565 -204728.450007
60101.444851 -182978.874743
60145.347850 -172970.773770
60215.253638 -167615.806182
60315.990007 -166779.188092
60327.769428 -166334.870489
60372.423635 -156733.717308
60406.240198 -155447.190607
60441.593390 -155290.852590
60468.426612 -155263.816755
60495.678523 -155165.682443
60520.062309 -155159.382940
60541.367171 -155158.673159
60558.770228 -155158.061346
60585.140474 -155155.798138
60611.542926 -155125.969462
60653.466687 -155103.060696
60685.448057 -155102.361143
60718.684283 -155096.613613
60749.010138 -155096.227509
60779.310949 -155096.160332
60809.051700 -155096.160267
60843.668747 -155096.160203
60929.027992 -155096.160139
61059.791573 -155096.160139
