28652.183493 -235478.702311
28659.969131 -209254.008795
28680.645779 -186325.323146
28725.152941 -173597.081418
28798.019368 -168819.096061
28896.641387 -165459.895999
28906.845945 -164998.173338
28953.717957 -156857.310371
28986.850848 -156510.699293
29018.558101 -155986.808374
29043.989734 -155162.803987
29069.903579 -155135.633639
29099.707533 -155133.615239
29127.763472 -155133.376081
29164.548239 -155107.746253
29206.302440 -155093.136790
29247.083765 -155087.232552
29277.572433 -155087.232546
29315.360276 -155085.063756
29360.217673 -155085.063747
29403.393586 -155084.863073
29446.726260 -155084.863070
29487.969908 -155084.863067
29562.276570 -155084.863065
29689.702384 -155084.863065
