75042.886601 -235023.018499
75050.656746 -206565.152420
75071.167921 -184712.362293
75112.876945 -172970.964508
75177.123206 -168109.813465
75271.617106 -163779.410726
75283.435414 -163286.033549
75329.562076 -155581.294708
75363.197381 -155190.190186
75393.270522 -155141.385056
75424.825824 -155123.203116
75454.842303 -155111.892035
75483.857532 -155110.578342
75518.751482 -155089.950632
75561.529086 -155077.821108
75592.496377 -155073.936419
75633.085859 -155071.419491
75663.282518 -155071.375055
75697.931343 -155071.320835
75728.114108 -155071.320834
75761.996748 -155068.272961
75811.177744 -155067.339167
75848.084781 -155067.339166
75885.186684 -155067.339165
75961.033396 -155067.339165
76085.159651 -155067.339165
