45005.648320 -234944.865119
45013.325567 -209792.544163
45035.857254 -185958.881943
45080.341495 -172680.432667
45148.679116 -169660.118348
45249.024644 -165574.456216
45260.740982 -165097.032573
45309.823362 -155843.978256
45344.171444 -155186.513390
45374.979118 -155143.854095
45404.877194 -155130.118940
45428.400169 -155126.669980
45451.859449 -155125.974350
45474.413961 -155123.246048
45500.744132 -155117.570049
45521.725734 -155116.088956
45538.723175 -155115.999433
45565.084621 -155091.206274
45609.837115 -155069.424877
45652.948806 -155069.210778
45695.973411 -155069.173053
45739.204272 -155069.172129
45780.492499 -155066.737373
45829.534835 -155065.622934
45865.928392 -155065.294200
45898.029307 -155065.294194
45932.967617 -155065.294188
46014.807612 -155065.294183
46140.246818 -155065.294183
