64266.366320 -235837.720930
64274.152862 -206724.105567
64297.763940 -180978.668715
64343.848253 -174342.412115
64415.238496 -168969.406404
64514.700889 -166611.845919
64526.936741 -166117.850099
64575.564965 -156420.696757
64608.778859 -155724.213821
64641.662828 -155694.459861
64671.105776 -155689.033116
64698.140319 -155687.835086
64722.914925 -155678.464194
64740.380472 -155677.414730
64756.946955 -155677.282356
64776.708929 -155677.049542
64802.004038 -155657.675842
64846.885840 -155568.115364
64889.846327 -155144.250409
64930.100521 -155085.451561
64960.879680 -155085.451555
64995.102497 -155085.344507
65051.356237 -155081.541413
65089.025519 -155081.541407
65126.980803 -155081.541404
65207.176254 -155081.541401
65342.547370 -155081.541401
