80365.773454 -236129.024811
80373.827358 -207090.060211
80395.036351 -184169.455364
80436.462702 -176383.857760
80501.552798 -169712.795232
80592.912725 -167644.407369
80606.837460 -167226.673656
80650.271771 -156131.307616
80684.553114 -155448.794147
80712.370527 -155266.014578
80744.073440 -155232.452264
80771.393835 -155188.361602
80801.086021 -155182.713552
80827.707975 -155177.160020
80845.060825 -155177.047927
80871.455637 -155176.843367
80897.857611 -155153.213744
80942.696190 -155093.135797
80985.205845 -155093.073727
81026.539172 -155093.073515
81064.213890 -155089.793104
81113.414145 -155083.738372
81151.593313 -155083.738367
81190.094170 -155083.738362
81271.215874 -155083.738357
81404.356988 -155083.738357
