88461.321989 -235566.335399
88469.176486 -208192.778287
88491.548496 -185485.567170
88537.132904 -171971.531315
88609.276959 -167310.979143
88711.424430 -165356.687564
88723.144582 -164835.588469
88772.592989 -156188.551822
88806.052140 -155220.135384
88835.671603 -155130.019852
88863.361053 -155127.604042
88886.772914 -155092.383876
88930.023938 -155064.808451
88973.584141 -155061.962489
89015.755515 -155061.932639
89057.934746 -155061.931732
89100.094909 -155061.930689
89184.308786 -155061.929489
89300.169022 -155061.929489
