71568.743878 -234971.452793
71576.585379 -207506.186767
71598.575194 -183872.266827
71643.125334 -172553.986635
71710.868513 -168406.665302
71807.362934 -165348.464640
71821.358412 -164814.093162
71869.075230 -155672.837934
71901.859478 -155223.432666
71932.677706 -155186.079901
71963.905490 -155173.581470
71991.209975 -155166.636863
72017.823061 -155165.085605
72034.988882 -155164.916893
72053.932729 -155164.757430
72073.151842 -155163.643583
72099.145239 -155140.150774
72142.253474 -155110.862623
72184.087033 -155103.332737
72215.870044 -155103.309491
72254.266233 -155103.280264
72284.422887 -155103.280238
72320.660623 -155102.762446
72376.205347 -155098.684775
72418.856166 -155098.466211
72452.725808 -155098.466210
72488.721877 -155098.466208
72568.075135 -155098.466206
72692.290603 -155098.466206
