11535.997473 -235241.922051
11543.812255 -209579.950221
11565.778335 -184879.462410
11607.186814 -172526.830684
11676.861025 -171365.986863
11777.341021 -166449.670214
11789.126162 -165937.083800
11837.070333 -157178.780573
11869.477141 -156509.595720
11900.049758 -156457.809342
11930.364375 -156323.537281
11957.298070 -155763.395176
11984.597374 -155611.182060
12013.376479 -155451.865417
12040.877908 -155370.235945
12070.968221 -155365.990202
12099.458141 -155365.556638
12136.832987 -155341.783760
12182.055248 -155316.821714
12225.008380 -155316.699171
12268.039034 -155265.449477
12312.472385 -155216.488107
12356.167658 -155186.369574
12399.698471 -155100.476043
12442.170880 -155100.453067
12484.600359 -155100.443903
12528.034302 -155070.145738
12585.867350 -155056.206004
12634.840236 -155056.174515
12668.147826 -155056.174515
12703.635649 -155056.174515
12789.253171 -155056.174515
12916.194916 -155056.174515
