42855.587337 -236056.034066
42863.438860 -211649.315677
42886.783459 -184427.591809
42929.584191 -173710.458210
43001.078626 -169048.212075
43090.825789 -166630.891392
43101.587902 -166151.793039
43150.725580 -155910.473077
43185.945474 -155410.906603
43215.855476 -155389.312424
43245.894994 -155373.652470
43272.639607 -155361.705032
43291.548338 -155360.247878
43306.783750 -155359.393138
43331.821448 -155328.138474
43373.946122 -155224.394327
43417.521928 -155171.866341
43461.486717 -155132.362247
43505.223097 -155121.802521
43547.610261 -155102.237912
43588.742205 -155084.747830
43618.741520 -155084.747824
43653.892130 -155084.747817
43735.655252 -155084.747811
43863.356874 -155084.747811
