72719.327330 -235631.168674
72727.099833 -208843.404421
72748.450240 -185576.414034
72791.909840 -175418.443746
72864.183888 -168999.927301
72959.186981 -165795.267650
72970.856649 -165306.778970
73022.944625 -156718.243154
73057.007091 -155783.187448
73087.125344 -155716.986692
73118.277004 -155699.537119
73148.729096 -155693.202636
73177.492370 -155689.489406
73197.286678 -155687.412918
73214.487580 -155686.720641
73231.722307 -155686.324398
73249.010893 -155686.163013
73275.519969 -155681.690558
73303.055675 -155658.232032
73347.785150 -155545.476755
73390.592278 -155540.685912
73431.188194 -155540.386665
73466.217259 -155537.802685
73496.187149 -155537.802622
73536.698763 -155495.388743
73592.712445 -155428.940980
73641.141946 -155063.874114
73674.074840 -155063.874074
73710.135068 -155060.326246
73756.212473 -155060.243784
73797.863827 -155059.620025
73830.512234 -155059.619983
73866.711268 -155059.619942
73947.281852 -155059.619901
74070.242300 -155059.619901
