74097.260235 -235295.928295
74105.070503 -207978.476830
74125.927899 -183585.828483
74170.406340 -172022.431233
74243.602355 -167887.514783
74344.280209 -165131.514127
74356.011290 -164673.476212
74405.153866 -155957.362704
74438.776328 -155201.780897
74468.165445 -155166.986155
74498.201582 -155155.981243
74518.449566 -155153.713231
74536.401932 -155152.885159
74554.374776 -155152.656278
74577.784782 -155151.407978
74595.333355 -155151.301097
74624.256157 -155128.102750
74669.888869 -155084.668292
74713.196034 -155077.779084
74745.225267 -155077.667116
74776.142279 -155077.667108
74811.119729 -155077.667101
74893.685815 -155077.667094
75016.060749 -155077.667094
