93023.272819 -235545.854661
93031.032385 -205251.317386
93053.388664 -184039.882364
93099.306308 -173476.094045
93181.530684 -169102.550560
93283.198516 -166137.605529
93295.031286 -165617.057519
93344.538040 -156690.068145
93377.174765 -156275.483866
93407.866157 -156083.506296
93437.238186 -155880.162008
93464.812305 -155799.730925
93493.147335 -155273.055980
93519.994216 -155152.431145
93549.520422 -155138.064338
93578.276351 -155135.140934
93606.657743 -155135.047047
93643.663934 -155113.562614
93686.208688 -155068.681220
93725.349009 -155067.941100
93755.650430 -155067.524256
93785.730535 -155067.394367
93826.304262 -155065.704103
93856.064672 -155065.704103
93889.997629 -155065.458089
93945.121116 -155063.030747
93988.074442 -155061.771009
94025.683157 -155061.181581
94057.191146 -155061.181578
94091.980557 -155058.449548
94142.470647 -155055.604164
94179.759053 -155055.523379
94212.241728 -155055.523372
94247.321009 -155054.284786
94302.834697 -155051.409608
94350.416764 -155048.433111
94382.629667 -155048.433102
94417.258514 -155048.433097
94492.243813 -155048.433095
94610.908831 -155048.433095
