103278.980794 -235138.711031
103286.978686 -206701.075917
103308.590886 -181697.103328
103351.284387 -170138.914726
103420.332970 -165681.982252
103512.352743 -164970.482335
103524.297194 -164485.342762
103569.044540 -156334.396121
103602.462858 -155495.328810
103635.417133 -155449.672215
103663.855784 -155435.879303
103691.495380 -155430.935536
103717.693809 -155425.548685
103746.033390 -155424.633678
103773.884778 -155415.708933
103804.461535 -155384.794139
103846.217050 -155314.918491
103884.326796 -155313.547079
103925.010841 -155311.173136
103966.023671 -155302.456738
104005.698656 -155193.428053
104047.598070 -155100.949956
104087.280315 -155099.172311
104118.290671 -155099.172306
104153.175924 -155099.172303
104232.834141 -155099.172302
104353.763395 -155099.172302
