47281.163153 -234470.054084
47289.190400 -200799.700680
47310.524790 -183729.404715
47352.535078 -172437.654129
47415.897402 -167643.842399
47505.474882 -165092.488537
47517.447423 -164613.033965
47561.121139 -156978.126948
47595.712350 -156442.270161
47625.797630 -156372.052540
47652.783148 -155540.757905
47677.928990 -155398.089738
47705.712355 -155394.775194
47723.037434 -155394.553494
47748.187076 -155371.271590
47790.758484 -155269.421856
47831.977341 -155207.640024
47873.831186 -155091.252744
47902.420554 -155091.252738
47936.343379 -155091.252734
48014.014769 -155091.252731
48130.837142 -155091.252731
