66207.596047 -234943.394191
66215.172539 -206830.958341
66236.771910 -181114.546175
66276.384513 -173529.955255
66337.372096 -169675.560260
66419.653414 -167270.091441
66431.415265 -166791.811620
66478.839410 -157239.120546
66512.927518 -155928.211542
66543.048743 -155771.166604
66571.834021 -155732.899138
66598.128905 -155609.487924
66627.119229 -155600.706626
66655.176002 -155598.436468
66682.242910 -155598.410852
66709.439819 -155597.371845
66745.582280 -155552.666815
66790.712783 -155462.934937
66835.062710 -155432.559576
66878.553307 -155431.236422
66919.622169 -155431.229233
66963.055143 -155245.199943
67018.953285 -155181.508519
67068.107486 -155074.580684
67111.881677 -155070.305171
67143.319642 -155070.169204
67173.885821 -155070.169201
67209.229146 -155070.169199
67291.108482 -155070.169197
67414.877084 -155070.169197
