77377.347008 -235038.568706
77385.990343 -206301.423612
77408.067059 -185657.929343
77454.269846 -174590.401788
77520.774040 -168300.833033
77607.561205 -167705.636324
77619.366740 -167238.772695
77667.194453 -156062.019019
77702.994367 -155565.461641
77734.180947 -155531.816608
77762.744820 -155501.426489
77789.986094 -155410.931073
77814.895207 -155148.658153
77842.686708 -155143.103572
77867.995046 -155136.962764
77894.807076 -155135.904680
77922.080284 -155117.650921
77938.137437 -155117.556665
77955.085134 -155117.521882
77980.663932 -155092.602677
78022.430948 -155074.945480
78051.741199 -155074.945471
78086.231772 -155074.625889
78132.496347 -155074.426406
78168.276128 -155074.426398
78205.549536 -155074.426391
78290.593596 -155074.426385
78426.448548 -155074.426385
