58166.267280 -235332.316700
58174.045411 -205742.208180
58196.053524 -184145.719988
58239.399104 -173629.409992
58309.671704 -167815.957529
58411.884816 -164864.798600
58421.669637 -164328.479111
58468.261032 -156237.177080
58500.988095 -155248.686539
58531.264505 -155192.610523
58562.443040 -155181.812425
58591.694604 -155180.637240
58620.251733 -155180.618246
58648.793447 -155180.147938
58676.017281 -155179.779688
58693.878055 -155178.239943
58717.543255 -155154.772075
58759.812489 -155077.033039
58800.284445 -155073.516687
58830.162615 -155073.495201
58859.961399 -155073.495197
58894.218709 -155073.495192
58979.072367 -155073.495189
59108.814901 -155073.495189
