78453.261844 -235515.424899
78461.178262 -203973.851583
78482.797763 -183868.528160
78527.205592 -171015.923182
78594.674003 -170832.335634
78689.231735 -167378.198842
78701.006288 -166947.062325
78751.778364 -157287.047107
78785.715393 -156428.239204
78816.542228 -155747.474826
78844.996708 -155479.783462
78872.325378 -155448.118172
78903.355032 -155423.911416
78933.727779 -155412.371656
78962.826008 -155411.228156
78992.998935 -155406.526758
79022.067422 -155395.021907
79051.307452 -155392.903877
79087.225091 -155345.515053
79130.253133 -155274.254800
79163.148011 -155273.310144
79192.957149 -155273.310144
79227.371339 -155273.310144
79308.419436 -155273.310144
79426.767408 -155273.310144
