83461.295613 -234958.473660
83469.296120 -209351.758978
83491.135572 -185202.799425
83535.110792 -173714.742987
83606.071894 -167878.686839
83704.677763 -164763.995168
83718.358384 -164203.688836
83763.478408 -155960.936277
83796.606301 -155173.961161
83827.912107 -155135.396377
83859.502319 -155120.008895
83888.760340 -155112.218581
83917.156377 -155111.856443
83945.338007 -155111.225098
83969.324445 -155109.231750
83995.256612 -155087.470341
84037.005725 -155074.988289
84078.049845 -155068.924276
84116.719594 -155066.944222
84144.910520 -155066.944199
84180.545485 -155063.408152
84229.649194 -155062.433441
84264.819788 -155062.433440
84303.329507 -155062.433439
84378.158542 -155062.433438
84499.716487 -155062.433438
