61086.620141 -235207.022474
61094.508987 -206869.314378
61116.433059 -187153.860839
61160.976894 -173372.437141
61230.768643 -168542.574930
61325.270292 -166775.686373
61339.199020 -166223.378853
61388.020277 -157405.721013
61420.981457 -156042.147762
61451.198882 -155469.517829
61479.880227 -155196.046604
61509.279501 -155191.926154
61536.190836 -155183.161053
61555.369737 -155180.934751
61579.581915 -155179.559794
61595.864389 -155178.592222
61622.539998 -155166.758029
61639.174529 -155166.727919
61662.876649 -155148.687067
61704.069295 -155127.478983
61735.091328 -155125.388794
61764.700658 -155124.142388
61794.361867 -155123.225792
61823.683455 -155123.225786
61859.509102 -155123.225782
61944.161279 -155123.225779
62074.811975 -155123.225779
