85451.160998 -235798.531777
85459.155172 -208085.543503
85482.585293 -182532.516678
85529.037610 -173052.629524
85604.238784 -167359.294699
85697.982352 -166090.650680
85707.890156 -165595.917245
85752.263063 -156419.348582
85784.960166 -155759.334067
85814.189449 -155575.137282
85840.613535 -155289.029062
85864.900061 -155145.727298
85895.238679 -155134.073562
85923.492461 -155131.328602
85942.391375 -155129.622279
85962.173715 -155128.711465
85984.864298 -155127.836332
86001.791950 -155127.822259
86027.603808 -155103.695722
86069.808905 -155069.057324
86100.126847 -155069.045357
86129.030589 -155069.045355
86163.809219 -155069.045353
86244.747642 -155069.045352
86369.191397 -155069.045352
