20777.876336 -235296.938027
20785.540114 -208496.393703
20806.945247 -183384.064473
20854.406838 -169917.844658
20925.424848 -166915.928170
21016.209608 -166368.666929
21027.925682 -165983.391715
21074.889549 -156722.148399
21108.071813 -155771.662843
21138.226855 -155493.447744
21168.805589 -155466.796361
21193.318729 -155456.446267
21221.835417 -155456.199695
21250.165470 -155455.016513
21287.048610 -155410.912756
21329.427774 -155355.747017
21373.301966 -155304.430840
21411.207133 -155301.776163
21452.986248 -155186.832173
21493.565395 -155093.216212
21533.832501 -155087.002859
21562.440718 -155086.938471
21596.984359 -155085.485936
21633.249967 -155084.629482
21661.071752 -155084.629475
21695.086491 -155084.629468
21776.022838 -155084.629462
21897.937111 -155084.629462
