34327.115102 -234924.092433
34335.098894 -207055.491705
34356.903407 -183407.058818
34401.755895 -174240.928701
34469.158718 -170463.908486
34564.879725 -165356.636039
34576.595683 -164936.435041
34625.260890 -157516.153274
34659.770575 -156919.995885
34689.244074 -156301.372570
34716.896497 -155848.157107
34744.243657 -155773.453349
34775.313053 -155762.438559
34803.018610 -155756.592376
34827.491889 -155282.981983
34851.646925 -155236.136589
34873.837013 -155230.326244
34898.190555 -155176.135062
34924.241562 -155140.065467
34949.523634 -155137.793973
34969.861785 -155137.765309
34995.298951 -155111.429634
35038.804383 -155067.308920
35079.954638 -155066.170557
35111.104241 -155066.170488
35146.944248 -155066.170420
35238.815121 -155066.170354
35374.566336 -155066.170354
