41529.736478 -235224.718593
41537.527959 -206904.184479
41559.530406 -184790.200532
41605.975750 -168939.347750
41677.940124 -167365.156122
41775.452020 -165013.073898
41787.175984 -164507.719842
41831.651626 -156772.466277
41864.210013 -155810.305508
41892.827681 -155754.063168
41923.554798 -155737.219564
41954.250570 -155733.356505
41983.121640 -155732.470693
42019.923562 -155707.929530
42064.384554 -155644.635049
42109.844358 -155287.433746
42152.919472 -155141.514890
42194.825300 -155132.136182
42224.548302 -155132.136121
42262.465336 -155115.100447
42318.381949 -155093.087526
42365.745386 -155092.102036
42398.123558 -155092.101963
42438.784483 -155090.580496
42494.024880 -155087.748183
42541.048745 -155086.734128
42573.324874 -155086.734056
42609.970101 -155086.733989
42694.955396 -155086.733924
42828.793017 -155086.733924
