99444.330393 -235585.041653
99452.153566 -204288.927665
99474.391790 -184174.222320
99520.950610 -173396.539454
99593.287952 -169426.292960
99687.898471 -167689.908166
99697.559357 -167235.522532
99746.938070 -155812.016392
99782.019945 -155268.259306
99814.341470 -155211.557663
99843.740640 -155196.916159
99873.193906 -155182.745978
99902.366004 -155173.274829
99939.298378 -155133.852196
99984.714446 -155084.594135
100027.052478 -155084.386285
100057.556590 -155084.386277
100092.113991 -155084.386269
100169.616005 -155084.386261
100288.439676 -155084.386261
