26115.153674 -235015.749280
26123.042728 -206774.333982
26146.261985 -181814.786305
26192.029793 -171298.552946
26256.416788 -167919.482005
26356.313572 -165404.893193
26368.020606 -164894.493274
26412.692132 -157093.184342
26447.096713 -156006.069635
26476.668083 -155450.621539
26504.894720 -155328.498090
26536.215659 -155312.124074
26565.539393 -155310.084832
26593.833381 -155309.588953
26630.819373 -155286.605924
26675.819352 -155196.102558
26719.493879 -155185.626795
26761.180176 -155185.620737
26804.359717 -155149.030111
26861.949998 -155127.500772
26912.393415 -155077.504965
26957.746808 -155076.592736
27001.367835 -155076.578599
27043.111616 -155074.177853
27100.906513 -155071.050850
27147.071301 -155070.824381
27181.415181 -155070.711052
27222.957686 -155070.202188
27262.412930 -155069.380905
27291.923634 -155069.380903
27326.257639 -155069.380902
27409.810796 -155069.380902
27534.902746 -155069.380902
