101499.931838 -234116.552551
101507.666373 -206088.019872
101528.550407 -186331.831361
101574.616550 -172351.366710
101647.396696 -166860.921832
101739.521333 -165189.708828
101751.372853 -164703.520007
101795.953301 -156471.977048
101830.090271 -155337.687067
101859.870701 -155205.506639
101892.477491 -155101.730532
101921.894272 -155090.900979
101950.151898 -155089.322960
101986.729235 -155066.316554
102031.613760 -155049.176289
102066.756848 -155049.033284
102096.768712 -155049.033284
102131.147582 -155049.033283
102209.499788 -155049.033283
102332.758356 -155049.033283
