76112.033140 -235922.692527
76119.913369 -208836.806908
76141.741421 -184447.948822
76184.037146 -175281.559707
76251.113192 -169934.825660
76346.894211 -166376.091587
76358.634315 -165830.398018
76406.937580 -156452.523654
76440.628228 -156055.369850
76468.875590 -156026.455354
76500.981445 -156001.231124
76528.488218 -155975.961790
76555.469442 -155517.143233
76578.849214 -155478.373503
76600.673544 -155476.548807
76626.954420 -155451.578299
76668.540047 -155439.711315
76702.143776 -155439.682770
76731.585960 -155439.682749
76773.138189 -155382.000319
76830.338888 -155174.829299
76881.420489 -155146.235326
76927.581094 -155146.228388
76972.479094 -155108.467797
77027.858913 -155086.441251
77066.754518 -155086.327673
77099.258989 -155086.327673
77135.261258 -155086.327672
77217.770963 -155086.327672
77350.551331 -155086.327672
