69654.853553 -234422.811962
69662.513959 -205452.886598
69684.676820 -180107.899249
69725.345495 -172630.332835
69794.717184 -169406.434524
69881.150072 -166231.723343
69892.591490 -165791.382686
69938.407076 -156057.634982
69971.885488 -155399.011200
70004.928258 -155336.168768
70032.366619 -155148.159957
70059.596342 -155128.815338
70090.462791 -155120.260000
70118.876146 -155120.240636
70155.868011 -155092.777941
70200.302467 -155071.487895
70243.106022 -155071.486481
70285.219308 -155071.484849
70373.858306 -155071.482968
70495.556417 -155071.482968
