37555.894245 -235498.782023
37563.613841 -207757.950957
37585.941949 -181901.995209
37628.238706 -170726.649937
37697.150993 -169200.769437
37807.006735 -164313.598070
37817.086748 -163811.828016
37860.414305 -156213.968625
37894.169272 -155180.775327
37922.144285 -155151.722498
37951.819845 -155137.922579
37978.926930 -155133.993495
38004.880759 -155131.274283
38022.423256 -155130.981356
38048.448412 -155102.637278
38091.138608 -155061.754500
38132.069316 -155054.351732
38169.545501 -155054.318536
38211.332707 -155054.315765
38253.643408 -155054.312852
38346.773368 -155054.309918
38482.509233 -155054.309918
