30843.772839 -235134.264515
30851.831958 -210171.859813
30874.533858 -182669.929169
30916.514051 -176133.929744
30983.811042 -169661.192418
31070.100900 -167438.915068
31081.830650 -166915.753420
31128.600363 -157048.173525
31163.386893 -155921.066220
31193.510368 -155766.563913
31224.109279 -155757.152694
31252.111524 -155744.208695
31282.158369 -155730.871613
31310.525656 -155713.081857
31338.643412 -155450.745244
31363.244076 -155358.810532
31389.428376 -155348.315610
31411.813476 -155345.555022
31433.030601 -155345.283405
31462.214226 -155340.986350
31478.769244 -155340.220111
31504.618823 -155303.432836
31548.839376 -155232.985932
31591.353176 -155087.149847
31633.487698 -155065.189994
31664.041837 -155065.189987
31698.120750 -155065.189984
31780.658896 -155065.189982
31902.130964 -155065.189982
