92025.757610 -235657.706413
92033.631615 -206838.061613
92055.723491 -180755.313169
92096.606468 -175165.388531
92164.354019 -166442.756739
92245.471657 -164902.091498
92257.275026 -164375.700624
92308.563297 -155759.198786
92342.935200 -155184.575419
92372.066776 -155145.282743
92403.193830 -155136.455828
92433.343715 -155130.234991
92461.574010 -155127.778291
92489.832472 -155127.489370
92518.339745 -155127.361574
92555.269561 -155107.907795
92601.221474 -155068.595261
92644.128346 -155062.674500
92686.886902 -155062.648152
92729.480640 -155062.645075
92772.162178 -155062.641531
92864.505515 -155062.637448
92996.581960 -155062.637448
