87614.053561 -235938.242596
87622.012707 -207332.198112
87642.270992 -186636.803020
87682.816772 -172879.320286
87747.349190 -168635.943412
87825.463344 -166690.831721
87837.230510 -166204.894519
87884.297597 -155873.780407
87916.795144 -155207.291917
87945.596596 -155125.996282
87975.049453 -155115.290876
88000.554587 -155112.666635
88019.570942 -155111.808365
88047.345503 -155063.261469
88092.276239 -155048.378246
88135.129862 -155047.514831
88177.862954 -155047.503410
88219.927996 -155047.491672
88308.819581 -155047.478945
88434.527353 -155047.478945
