81431.260439 -235000.920503
81439.250023 -207264.305135
81461.108010 -183972.554877
81503.855472 -172445.270009
81575.247125 -168111.961897
81669.730006 -166036.412389
81679.555497 -165560.690310
81730.673001 -156772.043436
81763.708701 -155880.445975
81794.003280 -155588.493703
81825.678048 -155573.363274
81854.331558 -155570.657271
81871.750504 -155570.200356
81890.485578 -155568.098717
81908.734192 -155566.766354
81935.838884 -155531.780156
81981.555543 -155467.987531
82026.127127 -155135.187082
82070.525580 -155074.334175
82112.251951 -155073.767341
82142.687756 -155073.767332
82176.410476 -155073.767324
82255.403820 -155073.767316
82376.269783 -155073.767316
