25251.778591 -234492.516799
25259.385946 -207598.543297
25280.485694 -184611.627198
25326.746628 -175761.510352
25402.401897 -170321.409454
25518.687252 -164315.568694
25528.389698 -163807.167784
25571.972621 -156201.270098
25605.149635 -155334.395636
25634.887885 -155176.171064
25662.054930 -155117.069856
25689.857796 -155114.320081
25709.059859 -155112.371236
25731.682628 -155112.025716
25747.917395 -155111.908266
25773.382240 -155095.914884
25815.898666 -155070.826000
25846.039037 -155070.825993
25881.587644 -155070.825988
25963.828419 -155070.825984
26088.253100 -155070.825984
