97841.348034 -235780.571190
97849.394026 -206191.779844
97872.035329 -184654.951129
97916.736985 -174085.932564
97984.309326 -168119.511238
98080.591157 -165686.755570
98092.451496 -165177.739873
98140.979035 -155917.007848
98174.073572 -155699.924098
98200.470673 -155676.575817
98228.962014 -155665.793111
98256.596021 -155619.328698
98283.009038 -155298.651471
98312.617475 -155278.571123
98339.542248 -155267.641727
98368.956788 -155265.006521
98398.271236 -155263.343987
98424.029409 -155262.045964
98441.015102 -155261.946672
98467.065374 -155212.644976
98509.090772 -155199.527357
98541.197345 -155198.264544
98572.685001 -155197.663551
98612.958024 -155197.104022
98651.598061 -155196.317389
98681.178236 -155196.317386
98716.087312 -155196.317384
98796.504358 -155196.317383
98918.318363 -155191.567908
98978.423648 -155076.580618
99025.011152 -155073.757134
99070.233413 -155071.169106
99102.902027 -155071.068308
99143.790957 -155070.418474
99173.322250 -155070.418471
99208.407406 -155070.418469
99291.590397 -155070.418466
99417.538252 -155070.418466
