21924.663558 -236364.672984
21932.718733 -209229.676135
21954.991343 -184757.231898
21999.032601 -172614.085940
22067.880812 -169827.137892
22158.248070 -168140.140636
22170.034942 -167659.968165
22218.674311 -156945.200310
22251.581421 -156008.749048
22282.227868 -155582.631618
22311.195254 -155559.985268
22337.783435 -155538.253509
22366.548761 -155288.985932
22394.829424 -155189.921584
22421.689572 -155160.359791
22451.212844 -155160.295684
22479.455508 -155158.005078
22499.051610 -155157.201336
22526.624364 -155114.913116
22571.467916 -155100.424547
22612.465101 -155100.424463
22648.729033 -155099.448027
22697.901337 -155098.198452
22733.181500 -155098.198443
22772.359425 -155098.198436
22853.953576 -155098.198429
22984.682389 -155098.198429
