63259.657790 -236213.295150
63268.533392 -207847.344081
63292.306703 -178496.613129
63337.681814 -172614.678658
63409.410391 -168823.313773
63504.773424 -166684.714386
63516.497570 -166153.904331
63565.041271 -156567.776241
63599.099226 -155474.292928
63628.976658 -155410.970304
63658.501632 -155398.813016
63688.660272 -155390.676236
63718.749903 -155381.056650
63744.798294 -155378.658725
63770.329476 -155374.563596
63792.521927 -155160.064742
63820.072374 -155152.307106
63848.352101 -155146.952022
63885.920563 -155115.091226
63931.002035 -155096.137102
63974.386628 -155096.129463
64016.830744 -155096.120712
64108.572286 -155096.110687
64239.644984 -155096.110687
