12943.086044 -235430.832430
12951.084650 -207042.666802
12972.920548 -184911.129569
13019.720453 -170976.129263
13089.377766 -170255.599287
13181.545950 -165838.418462
13193.264487 -165370.633984
13238.746913 -156498.377023
13272.189885 -155793.926893
13301.411076 -155723.046217
13333.766804 -155620.341867
13361.020696 -155160.868929
13383.747084 -155149.826521
13409.767059 -155149.766515
13434.833433 -155127.917609
13479.802371 -155090.576899
13520.580915 -155089.388968
13551.637082 -155089.388962
13586.624740 -155089.235094
13632.203016 -155089.235086
13676.498834 -155088.929649
13720.456806 -155088.929648
13762.673635 -155088.929647
13837.207931 -155088.929647
13964.346530 -155088.929647
