54646.271748 -234593.041615
54653.929590 -207916.564379
54674.483524 -183677.988211
54713.573898 -175395.012828
54779.925274 -166886.867574
54867.751306 -166368.906472
54879.470803 -165927.710518
54928.118123 -155849.778519
54963.301600 -155282.713215
54996.030917 -155218.356336
55024.269750 -155165.714886
55053.586521 -155153.090163
55082.582103 -155148.127602
55111.589436 -155146.278544
55140.368457 -155142.364974
55175.139977 -155115.347487
55217.257737 -155069.857928
55247.972379 -155069.215798
55280.513873 -155068.859497
55321.300738 -155068.859390
55360.808998 -155065.209691
55404.930297 -155065.209665
55449.760980 -155065.209651
55527.333008 -155065.209643
55668.408145 -155065.209643
