59136.295912 -235380.857920
59144.718357 -206981.480952
59166.061841 -185810.674892
59208.503879 -171571.289299
59280.404961 -169608.707373
59382.132047 -165924.613208
59393.824504 -165477.567480
59441.192478 -155523.534421
59474.346150 -155229.784658
59508.399405 -155201.923646
59534.676987 -155159.584082
59561.642044 -155156.117299
59589.060174 -155108.052792
59629.606309 -155075.531156
59669.556705 -155072.947432
59704.117538 -155069.894459
59744.060801 -155069.742219
59785.572851 -155069.741465
59827.318975 -155069.740595
59917.458006 -155069.739593
60045.029582 -155069.739593
