35401.398592 -235637.559858
35409.312102 -209347.527929
35430.386938 -185042.193705
35470.641846 -173915.979107
35536.854518 -168920.956483
35621.665125 -164400.147793
35633.530117 -163865.925277
35682.455221 -156237.567873
35716.497147 -155212.065692
35751.490973 -155133.624266
35782.787504 -155129.938589
35808.572646 -155123.675803
35831.771511 -155118.244345
35857.973168 -155118.179891
35879.250304 -155118.115928
35906.077239 -155113.120325
35930.462335 -155098.375696
35972.250139 -155083.269528
36012.917782 -155078.647206
36041.980082 -155078.647200
36075.907943 -155076.561710
36125.018263 -155076.313707
36160.576405 -155076.313646
36198.190080 -155076.313585
36277.041357 -155076.313524
36400.435561 -155076.313524
