29716.554461 -234924.698561
29724.294870 -203569.160588
29747.044259 -181538.155539
29794.631131 -172395.677571
29868.984823 -167708.184753
29981.954982 -165190.160800
29993.078130 -164709.574181
30040.274367 -156740.845772
30074.302833 -155634.944384
30103.689700 -155194.318276
30133.665023 -155148.809470
30162.061506 -155138.504005
30190.982380 -155137.312716
30219.889615 -155137.262762
30255.799999 -155102.245178
30300.951943 -155077.592259
30341.925504 -155076.820404
30372.731377 -155076.580198
30406.901950 -155073.865554
30437.177947 -155073.865549
30470.880954 -155070.299662
30521.188600 -155069.421215
30558.261698 -155069.284772
30590.824135 -155069.284768
30625.389065 -155069.284765
30700.885066 -155069.284762
30816.821484 -155069.284762
