39494.946016 -235122.341040
39502.481386 -207073.160608
39523.789954 -182717.099511
39571.336229 -170069.654661
39641.988211 -168212.592595
39737.997822 -165642.713498
39747.676509 -165169.026342
39794.629459 -155852.376629
39828.046746 -155201.576945
39858.562016 -155158.654748
39889.947496 -155151.653699
39919.715060 -155149.751269
39948.470977 -155149.261160
39977.709769 -155143.654091
40014.316278 -155101.434938
40057.364828 -155079.130535
40098.940249 -155074.912682
40134.577586 -155067.893677
40164.762965 -155067.893675
40200.169746 -155067.461662
40244.800863 -155067.461654
40290.093578 -155067.170036
40333.595988 -155067.170034
40377.065052 -155067.170033
40450.724488 -155067.170033
40589.335634 -155067.170033
