65369.292635 -235806.776834
65377.024861 -207054.347504
65398.679694 -183654.508513
65448.372062 -170493.448752
65519.686159 -165394.083725
65635.251243 -164895.099366
65680.460175 -155510.595445
65713.361893 -155184.855060
65743.514405 -155148.333371
65768.632113 -155137.643643
65791.289643 -155132.356405
65813.930087 -155113.758345
65857.103866 -155071.392316
65886.732082 -155071.268326
65921.810604 -155070.057364
65950.903258 -155070.057364
65985.351696 -155070.057364
66065.350496 -155070.057364
66180.743703 -155070.057364
