38509.257169 -235739.301879
38517.201851 -207114.470965
38538.941548 -189803.671053
38579.215523 -173207.486848
38661.969719 -168068.414679
38769.440610 -165813.387356
38781.145228 -165355.819093
38829.737067 -156116.553404
38860.967809 -155316.646862
38888.518115 -155174.634738
38916.563765 -155141.257190
38942.276185 -155129.920826
38972.469825 -155121.839741
39001.347033 -155119.556202
39030.085768 -155119.452648
39067.633652 -155076.390022
39112.313133 -155062.910944
39155.541833 -155062.761023
39197.219443 -155062.684280
39227.184204 -155062.684280
39261.915080 -155062.684280
39343.035287 -155062.684280
39468.106106 -155062.684280
