70522.391750 -235554.299983
70530.488955 -205884.428304
70555.087107 -183227.619423
70605.560621 -170103.993179
70680.824364 -167767.278687
70772.326184 -165789.730801
70784.037735 -165227.267040
70833.460230 -156401.764224
70867.553636 -155388.486455
70898.501522 -155326.182047
70929.304896 -155304.244604
70956.430848 -155158.859513
70986.637231 -155150.121777
71012.629459 -155137.293321
71050.325342 -155112.453254
71093.826087 -155082.594347
71125.667528 -155082.528160
71156.967798 -155082.528158
71191.714037 -155082.386432
71248.492827 -155080.286451
71286.634900 -155080.286451
71324.630780 -155080.286451
71405.161053 -155080.286451
71541.818362 -155080.286451
