49038.222844 -235955.618557
49046.053468 -207946.612915
49069.430290 -182772.789191
49115.231218 -173127.187657
49182.762754 -167843.555211
49282.634409 -164950.155972
49294.376815 -164448.583095
49341.206203 -156398.789962
49375.492033 -155401.002830
49403.056194 -155251.467204
49428.159099 -155218.336159
49456.065955 -155151.336260
49480.764741 -155138.714850
49508.655327 -155125.296295
49532.004966 -155124.085021
49548.579227 -155123.518609
49574.620848 -155099.541789
49617.258436 -155064.814328
49657.027011 -155063.881982
49698.952514 -155063.879323
49741.229441 -155063.878479
49832.113128 -155063.877505
49960.925376 -155063.877505
