18788.002715 -233408.264033
18795.625191 -207367.426976
18817.453711 -186144.875143
18866.843611 -172507.057691
18944.322542 -167619.610049
19042.647704 -164782.102242
19056.523104 -164291.526606
19104.907485 -155653.350138
19138.077391 -155237.363789
19168.798661 -155204.302636
19200.671327 -155146.505482
19227.815715 -155141.921994
19257.563808 -155137.406541
19291.868972 -155107.561065
19335.869633 -155073.429460
19367.718871 -155073.310744
19397.328475 -155073.310736
19433.005991 -155073.082745
19485.296245 -155070.398533
19522.050674 -155070.398526
19561.016235 -155070.398520
19642.947621 -155070.398513
19776.352852 -155070.398513
