57200.071600 -234883.893168
57207.815748 -205739.437448
57229.425228 -182448.942429
57270.822293 -172562.325600
57339.642184 -165980.229606
57433.862101 -165935.809391
57445.598903 -165505.137564
57499.633126 -156327.719790
57534.662928 -155209.682928
57566.859213 -155163.840752
57597.020615 -155158.766506
57625.801901 -155157.714881
57654.051751 -155154.314495
57681.467946 -155153.910088
57715.205110 -155130.424455
57757.718589 -155074.250110
57796.887974 -155071.495412
57826.669018 -155071.257797
57860.287686 -155067.985115
57889.621261 -155067.985115
57925.014000 -155067.985115
58009.611367 -155067.985115
58139.401982 -155067.985115
