82403.250290 -235121.939375
82410.912230 -206338.421603
82433.533108 -185117.091995
82480.977812 -172202.974982
82562.160994 -168426.710143
82666.410735 -165064.034813
82678.165732 -164541.291753
82727.196271 -157665.272784
82759.913536 -156858.151640
82789.264780 -156332.514321
82819.020461 -156212.634679
82845.239295 -155646.866061
82871.970608 -155487.433321
82901.930859 -155476.074563
82930.498171 -155476.004677
82964.784560 -155456.174910
83010.543905 -155213.251858
83054.802427 -155074.088383
83098.201921 -155068.875183
83137.922296 -155068.857783
83168.859761 -155068.742445
83199.849071 -155068.742443
83233.755497 -155068.742443
83314.437658 -155068.742442
83434.467372 -155068.742442
