94637.798741 -236085.113444
94645.807963 -208108.305007
94667.784051 -184347.617668
94712.604409 -175824.387628
94781.161105 -167903.645183
94871.019014 -166086.729710
94882.781385 -165568.794978
94930.385098 -156779.833251
94963.480866 -155753.412375
94993.724191 -155332.707875
95022.416321 -155149.065594
95050.301891 -155143.351768
95071.595512 -155140.692449
95090.093098 -155140.046149
95106.392632 -155140.022704
95132.516329 -155116.657039
95175.254415 -155080.098501
95209.332207 -155078.580159
95239.565225 -155078.580138
95273.023933 -155078.580117
95359.678050 -155078.580098
95488.440797 -155078.580098
