79453.558549 -235395.175996
79461.498620 -207407.431730
79484.148118 -186432.342822
79527.527462 -174374.180315
79598.971332 -167923.470827
79690.673860 -166789.889224
79701.429289 -166257.711692
79746.702185 -157222.809726
79780.699398 -155695.629354
79810.168488 -155591.218039
79840.368287 -155579.098683
79870.252847 -155570.863944
79896.368776 -155552.981444
79925.632457 -155552.397793
79952.206540 -155521.288170
79996.948720 -155258.559614
80039.980567 -155205.765562
80076.063982 -155204.347446
80106.638956 -155204.347420
80141.109392 -155204.347396
80221.272072 -155204.347375
80336.913136 -155204.347375
