53501.881508 -236027.854331
53509.679722 -209917.925599
53533.385160 -181845.496159
53576.429041 -176453.037142
53639.346836 -171629.724716
53735.901393 -167368.033636
53747.785381 -166838.584972
53800.721272 -156293.122122
53834.082063 -155646.813089
53865.584280 -155555.190408
53894.752332 -155540.715370
53925.978638 -155532.565036
53954.662155 -155531.860945
53984.194594 -155530.044241
54010.537356 -155264.267842
54035.014020 -155154.445624
54061.902656 -155147.382379
54078.810053 -155147.287627
54094.930867 -155145.107644
54120.849160 -155137.719325
54147.452736 -155135.878302
54163.610695 -155135.835299
54190.326460 -155106.331743
54232.219236 -155088.520168
54261.331058 -155088.520162
54296.732741 -155087.009293
54345.470522 -155086.768270
54380.632595 -155086.768268
54419.005375 -155086.768266
54496.552031 -155086.768264
54619.478948 -155086.768264
