27561.583929 -235833.574752
27569.393660 -207104.216626
27590.649571 -183746.816276
27638.202322 -170696.830047
27711.016421 -166313.869887
27807.563996 -164840.448255
27819.292672 -164374.196624
27869.808309 -156299.191511
27903.520176 -155761.964020
27931.085518 -155711.882041
27956.204866 -155636.517902
27982.781667 -155250.798152
28007.814665 -155178.571488
28033.179061 -155166.003978
28057.633089 -155161.504686
28083.305698 -155156.793815
28104.174070 -155150.165998
28123.450220 -155149.386743
28148.389542 -155149.272444
28170.064726 -155147.438003
28196.926327 -155105.986295
28239.496925 -155066.762400
28269.822695 -155066.450644
28304.172491 -155058.486467
28334.929890 -155058.462627
28365.289921 -155058.358738
28395.729471 -155058.358737
28430.410715 -155058.358737
28507.174727 -155058.358737
28625.335812 -155058.358737
