13991.154217 -235853.279014
13999.163884 -204632.857414
14021.686348 -184268.323142
14067.558625 -174807.686903
14137.378749 -169265.115709
14235.585425 -164914.687101
14245.139636 -164382.761692
14288.849610 -156859.945193
14322.489005 -155980.232824
14352.532240 -155902.626910
14383.790435 -155893.010285
14413.370089 -155882.011191
14442.067418 -155879.682198
14469.333383 -155405.851781
14496.452512 -155153.598027
14523.963390 -155136.688046
14546.884056 -155133.824443
14571.989881 -155099.483911
14614.385874 -155068.598852
14655.133822 -155067.881579
14685.538266 -155067.881570
14720.897912 -155067.881563
14803.131079 -155067.881559
14929.260826 -155067.881559
