95515.440316 -234747.759193
95523.122528 -206223.020011
95546.073863 -184483.793920
95590.330858 -174739.845008
95662.495817 -169833.922854
95762.184735 -166043.098406
95776.106038 -165582.325129
95823.233228 -156344.956664
95855.754922 -155784.696532
95888.279322 -155637.340962
95919.555461 -155628.003357
95946.730202 -155616.544639
95973.091394 -155445.023387
96002.045920 -155429.277456
96027.909049 -155428.969213
96046.794722 -155427.496700
96073.317598 -155389.821084
96116.095201 -155276.631012
96158.506856 -155205.039883
96200.621158 -155163.503163
96241.795015 -155127.015699
96271.844093 -155126.742955
96301.513337 -155126.742955
96336.111059 -155126.457019
96380.138384 -155126.457010
96424.616653 -155126.152309
96467.157976 -155126.152307
96509.949609 -155126.152307
96587.169810 -155126.152306
96732.208703 -155126.152306
