28.335721 -234553.816065
36.346302 -207830.190565
57.821954 -181521.103685
98.576401 -171519.620195
167.718928 -165808.810738
258.798277 -164474.401808
270.515813 -164059.588166
320.161216 -155808.152408
353.631807 -155252.354429
384.921666 -155197.371004
417.133665 -155178.790469
444.777747 -155178.056867
465.798613 -155176.992834
494.900435 -155176.309916
521.176740 -155142.647279
564.656117 -155074.565781
593.209203 -155074.565772
627.778989 -155074.565767
706.748353 -155074.565765
826.726542 -155074.565765
