52089.996471 -236008.611521
52097.749824 -206694.652245
52120.288483 -186010.501961
52166.575080 -173751.784613
52239.668203 -169246.114708
52340.241540 -166382.571265
52350.115275 -165820.102207
52394.453216 -156823.837193
52427.231453 -155876.895102
52454.433181 -155713.553031
52483.477909 -155678.082807
52513.794507 -155675.063193
52542.406077 -155675.027272
52571.612320 -155673.982069
52608.240171 -155652.769948
52653.414146 -155538.092114
52697.675065 -155518.507863
52741.190782 -155517.115270
52784.903614 -155516.692736
52827.796435 -155516.675913
52870.697885 -155516.671644
52914.165247 -155516.666721
53004.288216 -155501.252514
53067.524620 -155159.847664
53120.975340 -155072.475155
53167.488568 -155065.005308
53210.727446 -155064.993704
53253.560748 -155064.980353
53343.551028 -155064.965003
53474.973215 -155064.965003
