46167.047954 -235581.506471
46174.928585 -206488.832688
46197.776449 -181118.535306
46245.137320 -171485.379194
46320.770996 -167909.444593
46423.968135 -165324.581526
46435.758367 -164796.876693
46481.752583 -156742.366081
46515.856438 -155645.176567
46546.160098 -155163.187704
46578.061303 -155154.781475
46607.238258 -155150.611938
46635.392392 -155148.489675
46661.589204 -155143.308104
46678.479749 -155143.043150
46700.821846 -155141.411373
46727.674593 -155118.036511
46770.243621 -155095.386398
46806.183927 -155092.665254
46841.102516 -155091.089881
46872.417581 -155090.975969
46903.397526 -155090.975907
46939.818525 -155088.699227
46985.798166 -155088.699165
47033.481859 -155088.699102
47112.026445 -155088.699040
47254.321064 -155088.699040
