16343.553422 -235811.572307
16351.325877 -209401.354726
16373.374039 -183639.276889
16414.652466 -174952.449811
16479.869526 -166443.684853
16581.362059 -165945.110624
16626.786165 -157010.084690
16661.440316 -155871.284674
16691.237369 -155144.222677
16721.812066 -155131.754341
16751.033281 -155128.388301
16779.139652 -155122.393739
16808.268504 -155121.236109
16836.042007 -155121.158036
16864.582392 -155119.882774
16889.929914 -155119.849320
16916.105524 -155090.488199
16961.646306 -155065.565546
17001.314251 -155065.337285
17033.254770 -155065.225901
17063.948749 -155065.225901
17097.750429 -155065.225901
17181.900409 -155065.225901
17308.454135 -155065.225901
