17335.261986 -235248.350371
17343.092340 -207598.040732
17365.785359 -180305.382002
17412.725953 -173755.919347
17484.904733 -166894.547960
17582.531308 -166023.233745
17594.280322 -165588.844424
17641.322549 -157785.691927
17674.704674 -157203.105763
17703.056887 -157118.987158
17732.419016 -156544.251365
17759.783307 -156058.159410
17785.960390 -156045.206892
17813.942148 -156028.388172
17842.760714 -156025.492737
17869.460974 -155867.214170
17896.929104 -155346.547661
17926.268385 -155340.881714
17955.972226 -155339.466390
17984.762347 -155336.482935
18013.969036 -155334.613392
18043.655638 -155334.270045
18080.126843 -155299.635666
18125.818504 -155273.572136
18169.305373 -155239.697445
18212.687885 -155134.791546
18255.644824 -155131.784017
18298.426594 -155127.874714
18340.207656 -155126.616460
18382.013690 -155126.603717
18425.125837 -155090.444554
18473.811850 -155075.259354
18510.790616 -155075.259352
18549.102560 -155075.259351
18630.448412 -155075.259351
18761.101074 -155075.259351
