104382.785545 -234895.126620
104390.500370 -204789.562173
104412.250339 -182801.940104
104456.741457 -173871.252344
104534.173617 -167529.697494
104637.173365 -165739.296560
104649.004355 -165234.632186
104696.222743 -156502.883173
104729.169440 -155800.595221
104757.763470 -155743.563683
104783.833532 -155267.544713
104810.200685 -155164.434243
104840.754683 -155157.130332
104869.065226 -155157.115803
104905.491610 -155139.271998
104950.188099 -155087.013654
104984.313172 -155080.755914
105014.984668 -155080.531443
105049.895353 -155077.223985
105080.335717 -155077.166338
105110.773019 -155077.166332
105144.880366 -155077.166328
105223.349541 -155077.166324
105337.009643 -155077.166324
