15761.277878 -1157791.804229
15767.877805 -1021791.118933
15785.815543 -884373.187693
15814.155437 -861608.709634
15853.176305 -841161.554920
15894.430056 -834451.078589
15914.106371 -829303.233085
15937.772517 -815595.814490
15967.287508 -814858.001480
15996.091342 -814830.295658
16027.277075 -814828.134904
16077.785562 -814781.568191
16117.900486 -814781.507690
16155.913886 -814772.744942
16193.083650 -814772.744942
16232.315623 -814772.744942
16290.880372 -814772.744942
16323.378230 -814772.744942
