11705.720486 -1163497.601104
11712.713840 -986373.186973
11729.440558 -887870.542781
11755.267019 -856081.505931
11789.116000 -850451.759590
11826.756437 -837716.225865
11844.802293 -832609.877829
11870.363901 -815878.401095
11903.484502 -814986.802246
11935.301629 -814881.565901
11966.986431 -814875.787987
11999.490471 -814873.377631
12056.269254 -814789.629780
12097.652687 -814765.235079
12136.477061 -814765.235079
12176.408481 -814765.235079
12235.241194 -814765.235079
12269.654490 -814765.235079
