15032.640455 -1151550.080420
15039.284330 -978800.920188
15056.380223 -892825.002710
15083.397503 -846210.018285
15118.190173 -843920.277236
15157.242286 -842485.209573
15176.397801 -839014.764048
15202.096140 -815380.315069
15232.724171 -814881.412650
15262.900613 -814853.365227
15293.294779 -814851.229746
15324.287742 -814849.331819
15383.816736 -814781.259979
15425.120656 -814756.916630
15464.306050 -814756.916630
15504.422499 -814756.916630
15562.560437 -814756.916630
15596.813885 -814756.916630
