24618.410131 -1161491.631265
24625.084141 -982097.926453
24644.619633 -870018.896524
24675.963710 -855533.047213
24715.072122 -854519.046355
24756.321660 -846269.798990
24775.594721 -841894.432647
24804.968073 -816503.199954
24831.688427 -814972.723636
24863.831032 -814861.629297
24894.201024 -814857.339834
24949.503993 -814780.824230
24989.501716 -814780.748194
25027.440887 -814771.991169
25064.626462 -814771.991168
25103.487890 -814771.991168
25161.710026 -814771.991168
25193.854422 -814771.991168
