19466.281641 -1151014.610340
19472.316939 -991233.115912
19488.847080 -868771.829443
19516.527657 -856808.972869
19552.384867 -831651.649113
19592.059628 -828936.428549
19609.494119 -823929.462539
19632.286364 -815377.315805
19664.472025 -814905.939083
19696.271560 -814834.141523
19727.228307 -814831.452731
19758.631530 -814831.411957
19789.758053 -814822.682701
19844.390030 -814781.373784
19885.132956 -814757.002046
19923.794669 -814757.002046
19963.553031 -814757.002046
20021.682851 -814757.002046
20055.805694 -814757.002046
