15146.389101 -1162449.652091
15152.702549 -979574.881757
15170.402700 -871745.635821
15198.758603 -854440.747670
15236.280247 -846136.951829
15277.013500 -832783.253843
15294.933519 -828274.003584
15319.050730 -815731.400290
15347.562960 -814914.993262
15377.858893 -814841.872479
15408.013464 -814839.822861
15439.132194 -814837.778027
15469.858559 -814829.280225
15526.945629 -814771.600842
15567.232455 -814771.600839
15607.852629 -814771.600838
15665.432158 -814771.600838
15697.867019 -814771.600838
